3 0.6734375 0.15703125 0.0421875 0.16640625
3 0.71484375 0.1578125 0.04296875 0.16640625
13 0.78671875 0.15390625 0.0828125 0.171875
18 0.05078125 0.4125 0.0453125 0.12734375
9 0.18828125 0.3984375 0.04140625 0.1578125
15 0.05390625 0.8421875 0.05234375 0.03046875
15 0.05390625 0.871875 0.05234375 0.02734375
1 0.14609375 0.40625 0.0359375 0.14921875
0 0.22890625 0.4140625 0.03515625 0.13359375
51 0.265625 0.39765625 0.03359375 0.15625
30 0.321875 0.42109375 0.06953125 0.11328125
24 0.065625 0.1453125 0.075 0.1828125
23 0.13984375 0.146875 0.07734375 0.1875
20 0.21953125 0.14140625 0.08359375 0.19921875
50 0.30625 0.1421875 0.090625 0.19921875
46 0.39765625 0.1453125 0.09140625 0.19453125
53 0.47265625 0.175 0.05546875 0.1296875
5 0.5234375 0.13671875 0.04453125 0.20390625
2 0.57578125 0.1453125 0.0453125 0.18203125
2 0.62265625 0.146875 0.04453125 0.1875
36 0.83671875 0.4359375 0.053125 0.090625
37 0.89375 0.43515625 0.0515625 0.08828125
52 0.55078125 0.42109375 0.03828125 0.11171875
45 0.70390625 0.41796875 0.084375 0.12578125
40 0.7734375 0.62421875 0.11328125 0.12265625
8 0.10625 0.87890625 0.0421875 0.01875
8 0.10625 0.85859375 0.04296875 0.021875
16 0.1546875 0.85703125 0.04375 0.021875
16 0.1546875 0.878125 0.04375 0.0203125
26 0.20703125 0.8484375 0.0515625 0.0265625
26 0.20703125 0.875 0.05078125 0.025
28 0.26015625 0.8453125 0.04453125 0.02734375
28 0.26015625 0.875 0.04453125 0.02734375
29 0.31015625 0.84296875 0.0453125 0.03046875
29 0.31015625 0.8734375 0.0453125 0.028125
49 0.41875 0.8421875 0.16484375 0.02890625
49 0.41953125 0.871875 0.16484375 0.02890625
21 0.09921875 0.41171875 0.04765625 0.12890625
42 0.05078125 0.609375 0.046875 0.14921875
41 0.1078125 0.63359375 0.05 0.1
35 0.1609375 0.64140625 0.0390625 0.0890625
19 0.20546875 0.63515625 0.03828125 0.1046875
17 0.28984375 0.64453125 0.1140625 0.08515625
14 0.42890625 0.6390625 0.1421875 0.09609375
31 0.43046875 0.4328125 0.1421875 0.096875
44 0.61640625 0.41796875 0.08203125 0.1265625
38 0.94921875 0.434375 0.05390625 0.08984375
54 0.77890625 0.4 0.05703125 0.165625
33 0.7796875 0.81796875 0.1125 0.1390625
25 0.54609375 0.603125 0.09296875 0.15703125
39 0.65546875 0.62421875 0.1125 0.12421875
47 0.90546875 0.62734375 0.13828125 0.11875
48 0.55234375 0.82421875 0.103125 0.1203125
34 0.6640625 0.82734375 0.11484375 0.121875
32 0.90703125 0.8265625 0.134375 0.121875
11 0.51484375 0.4390625 0.02578125 0.0734375
7 0.90390625 0.17890625 0.1390625 0.11953125