28 0.1575 0.635 0.16625 0.6408333328125 0.20125 0.6416666671875 0.22999999999999998 0.6316666671875 0.250625 0.615 0.26 0.5908333328125 0.26125 0.5591666671875 0.26687500000000003 0.5458333328125 0.26687500000000003 0.5358333328125 0.2625 0.525 0.25125000000000003 0.5191666671874999 0.230625 0.5133333328125 0.209375 0.5133333328125 0.16312500000000002 0.525 0.14375 0.5366666671875 0.12562500000000001 0.5566666671875 0.12687500000000002 0.5758333328125 0.13374999999999998 0.5833333328125 0.141875 0.6091666671875 0.1575 0.635
28 0.16312500000000002 0.7008333328125 0.17875000000000002 0.71 0.20249999999999999 0.7116666671874999 0.21875 0.7066666671874999 0.220625 0.6783333328125 0.234375 0.6625 0.259375 0.645 0.26937500000000003 0.6224999999999999 0.27 0.6066666671875 0.26749999999999996 0.5974999999999999 0.263125 0.5933333328125 0.25187499999999996 0.595 0.2425 0.625 0.200625 0.6425 0.16499999999999998 0.6408333328125 0.15812500000000002 0.6375 0.143125 0.6158333328125 0.13625 0.625 0.135 0.6458333328125 0.1375 0.6533333328125 0.141875 0.6566666671875 0.16312500000000002 0.7008333328125
28 0.196875 0.7791666671875 0.215625 0.7783333328125 0.2325 0.7708333328125 0.225 0.7375 0.220625 0.6983333328125 0.21625 0.71 0.18812500000000001 0.7125 0.1625 0.6991666671875 0.15375 0.6816666671875 0.15 0.6825 0.145 0.6950000000000001 0.14750000000000002 0.7208333328125 0.16499999999999998 0.755 0.1775 0.77 0.196875 0.7791666671875
26 0.020343125 0.6853041671875 0.0242225 0.7019175 0.032875625000000006 0.7188933328125 0.049681249999999996 0.7337416671875 0.06843125 0.7387416671875 0.09968125 0.734575 0.13343125 0.717075 0.14155625 0.7087416671875 0.14905625 0.682075 0.14655625 0.6662416671875 0.136376875 0.6530258328125 0.13155624999999999 0.6387416671875 0.12468125000000001 0.6479083328125 0.09405625 0.667075 0.07093125 0.672075 0.04780625 0.6712416671875 0.03343125 0.6645749999999999 0.025958125 0.6579341671875001 0.0198325 0.6505808328125 0.016055 0.6421383328125 0.012175 0.6482658328124999 0.010133125 0.6549383328125 0.00880625 0.6681466671875 0.0122775 0.6789041671875 0.016156875 0.6838066671874999 0.020343125 0.6853041671875
26 0 0.6075 0.0125 0.6275000000000001 0.01625 0.6416666671875 0.015625 0.6541666671875 0.03 0.6583333328125 0.04 0.6691666671875 0.08249999999999999 0.67 0.12125 0.6541666671875 0.130625 0.6375 0.13999999999999999 0.6108333328125 0.138125 0.5966666671875 0.130625 0.5825 0.12437499999999999 0.5583333328125 0.1375 0.5408333328125 0.13374999999999998 0.5358333328125 0.123125 0.5325 0.09 0.5325 0.0675 0.5366666671875 0.036875000000000005 0.5483333328125 0.013750000000000002 0.5633333328125001 0 0.5783333328125 0 0.6075
16 0 0.6908333328125 0.014374999999999999 0.6825 0.01 0.6591666671875 0.013750000000000002 0.6425 0.001875 0.6108333328125 0 0.6108333328125 0 0.6908333328125
16 0 0.5775 0.019375 0.5566666671875 0.016875 0.5525 0.0025 0.5483333328125 0 0.5483333328125 0 0.5775
29 0.47750000000000004 0.665 0.48312499999999997 0.6641666671875 0.495625 0.6224999999999999 0.495625 0.6058333328125001 0.490625 0.5941666671875 0.46749999999999997 0.6241666671874999 0.456875 0.6283333328125 0.43 0.6275000000000001 0.406875 0.615 0.39875 0.6033333328125 0.39125 0.6083333328125 0.390625 0.6275000000000001 0.396875 0.64 0.43499999999999994 0.655 0.47750000000000004 0.665
29 0.410625 0.6224999999999999 0.425625 0.6258333328125001 0.45062499999999994 0.6266666671875 0.465625 0.6224999999999999 0.48250000000000004 0.6058333328125001 0.49625 0.5608333328125 0.495625 0.5466666671875 0.489375 0.5358333328125 0.45562500000000006 0.5208333328125 0.42625 0.5225 0.40499999999999997 0.5308333328125 0.393125 0.5408333328125 0.388125 0.5516666671875 0.388125 0.5675 0.39875 0.5908333328125 0.40062499999999995 0.6058333328125001 0.410625 0.6224999999999999
49 0.618125 0.7491666671874999 0.639375 0.7525000000000001 0.64625 0.7474999999999999 0.65 0.7241666671875 0.64625 0.7183333328125 0.47437500000000005 0.6625 0.4375 0.655 0.41125 0.6441666671874999 0.27625 0.6075 0.27125 0.6125 0.26625 0.635 0.26625 0.64 0.27 0.6425 0.618125 0.7491666671874999
49 0.76378125 0.8585266671875 0.765088125 0.8042566671875001 0.761541875 0.7920583328124999 0.759675 0.7898183328124999 0.26364624999999997 0.6426608328125 0.240688125 0.6615808328125 0.2287425 0.6740283328125 0.22281625 0.6810324999999999 0.22575625000000002 0.7615683328125 0.7476825 0.9500391671875 0.76378125 0.8585266671875
49 0.755475625 0.9991666671875 0.762381875 0.9503358328125 0.76350125 0.8781416671875 0.760701875 0.8781416671875 0.7478225000000001 0.950585 0.239381875 0.7678258328124999 0.241808125 0.8367491671874999 0.24498125 0.8427241671875001 0.6516968750000001 0.9991666671875 0.755475625 0.9991666671875
31 0.414375 0 0.313125 0.0375 0.281875 0.057499999999999996 0.25875 0.0808333328125 0.254375 0.0875 0.256875 0.0908333328125 0.255625 0.0958333328125 0.26749999999999996 0.1075 0.299375 0.1266666671875 0.31437499999999996 0.1291666671875 0.39249999999999996 0.1258333328125 0.421875 0.11916666718749999 0.47125000000000006 0.1158333328125 0.685625 0.11000000000000001 0.716875 0.1025 0.7418750000000001 0.0791666671875 0.76625 0.0675 0.743125 0.0341666671875 0.7275 0 0.414375 0
17 0 0.0883333328125 0.0043749999999999995 0.0908333328125 0.1555 0.1058333328125 0.24375 0.12250000000000001 0.274375 0.1241666671875 0.27875 0.1183333328125 0.270625 0.1158333328125 0.25375000000000003 0.0966666671875 0.26125 0.0725 0.305625 0.0416666671875 0.31124999999999997 0.0366666671875 0.311875 0.029166667187500002 0.3025 0.0208333328125 0.27 0.0066666671875 0.23562500000000003 0.005 0.20875 0.0058333328125 0.1650625 0.0141666671875 0.0975 0.015 0.01 0.0325 0 0.0366666671875 0 0.0883333328125
17 0 0.1775 0.025 0.18416666718750002 0.181875 0.19583333281249998 0.25187499999999996 0.1941666671875 0.26625 0.1891666671875 0.25875 0.17250000000000001 0.26375000000000004 0.1516666671875 0.290625 0.1383333328125 0.288125 0.1341666671875 0.26125 0.1266666671875 0.14875 0.1066666671875 0.0225 0.0941666671875 0.0025 0.0966666671875 0 0.0975 0 0.1775
14 0.7125 0.1516666671875 0.709375 0.13999999999999999 0.70875 0.11499999999999999 0.7056250000000001 0.1075 0.6799999999999999 0.1108333328125 0.6799999999999999 0.11499999999999999 0.6950000000000001 0.1316666671875 0.704375 0.1541666671875 0.7125 0.1516666671875
14 0.58 0.2216666671875 0.615 0.22000000000000003 0.65 0.2116666671875 0.676875 0.1991666671875 0.7112499999999999 0.1766666671875 0.70875 0.1416666671875 0.69375 0.11000000000000001 0.6709375 0.11333333281249999 0.6375 0.1108333328125 0.48687500000000006 0.1166666671875 0.328125 0.1291666671875 0.27375 0.14666666718750002 0.26375000000000004 0.1566666671875 0.2625 0.1766666671875 0.26687500000000003 0.1858333328125 0.3 0.2008333328125 0.58 0.2216666671875