1 0.3133333328125 0.449375 0.3625 0.44875 0.36583333281249997 0.446875 0.3675 0.43624999999999997 0.36583333281249997 0.315625 0.34840499999999996 0.29135 0.34286333281250003 0.277764375 0.335 0.276875 0.31835 0.277125625 0.3145133328125 0.2934275 0.3 0.31 0.2975 0.321875 0.2958333328125 0.42312500000000003 0.2983333328125 0.44437499999999996 0.3025 0.448125 0.3133333328125 0.449375
18 0.1338241671875 0.28307875 0.10282833281249999 0.284938125 0.1031383328125 0.304925 0.09167 0.3230525 0.08857000000000001 0.35628625 0.10282833281249999 0.42042999999999997 0.0947691671875 0.440649375 0.1093375 0.4457625 0.196125 0.44669187499999996 0.198605 0.43274749999999995 0.19550499999999998 0.39974625 0.1917858328125 0.33946062499999996 0.1911658328125 0.315150625 0.17318833281249998 0.30748125000000004 0.1741183328125 0.288191875 0.1338241671875 0.28307875
21 0.2097633328125 0.416711875 0.20604333281249998 0.427866875 0.197055 0.443438125 0.22836083281250003 0.4515725 0.29376166718749996 0.4506425 0.2962408328125 0.441114375 0.2897316671875 0.425310625 0.29686083281250003 0.34373624999999997 0.2897316671875 0.321658125 0.2807433328125 0.309573125 0.2798133328125 0.2921425 0.24788749999999998 0.286565 0.2018591671875 0.287736875 0.2051141671875 0.31027 0.1902358328125 0.330721875 0.19395500000000002 0.35861062499999996 0.2097633328125 0.416711875
9 0.3686158328125 0.3718575 0.3670658328125 0.450178125 0.443935 0.452734375 0.445485 0.35163812499999997 0.4420758328125 0.34396875 0.44920499999999997 0.31747437500000003 0.4399058328125 0.302600625 0.42285833281249996 0.293304375 0.4225483328125 0.27145874999999997 0.3940325 0.27146375 0.3931025 0.296790625 0.3661358328125 0.312361875 0.3692358328125 0.351405625 0.3686158328125 0.3718575
0 0.445175 0.44553000000000004 0.46160249999999997 0.45366375000000003 0.516465 0.45319937499999996 0.518635 0.37116 0.5133658328124999 0.36209625 0.5220441671875 0.3472225 0.520185 0.33537 0.5040666671875 0.32770062499999997 0.5053066671875001 0.30794625 0.48825916718749995 0.3042275 0.4707466671875 0.30720562500000004 0.46873166718750003 0.33048937500000003 0.4498241671875 0.340715 0.4519941671875 0.376970625 0.445175 0.44553000000000004
10 0.5233616671875 0.33769375 0.5171625 0.40276750000000006 0.5177825 0.452036875 0.5459883328124999 0.456220625 0.5831833328125 0.45505874999999996 0.5915524999999999 0.314918125 0.5751241671875 0.284008125 0.5760541671875 0.2675075 0.5478483328125 0.268558125 0.5469183328125 0.27819812499999996 0.5521874999999999 0.28354375 0.5280108328125 0.30934062500000004 0.5233616671875 0.33769375
30 0.5986033328125 0.32347875 0.5970541671875 0.456220625 0.7117375 0.459241875 0.734365 0.324911875 0.5986033328125 0.32347875
31 0.7153025000000001 0.390693125 0.7280108328125 0.415095625 0.8352558328124999 0.402545625 0.9142941671875 0.39557312499999997 0.9527291671875 0.36706625000000004 0.912125 0.3602475 0.7642758328125 0.367685 0.73359 0.3732625 0.7153025000000001 0.390693125
31 0.9102650000000001 0.426483125 0.9387808328125 0.421138125 0.9592383328125 0.408820625 0.9167741671874999 0.396270625 0.7268483328124999 0.414721875 0.7128224999999999 0.42555375 0.7177816671875 0.43624437499999996 0.7878325 0.441356875 0.9102650000000001 0.426483125
31 0.9493191671875 0.44507562500000003 0.9015858328125 0.42671562500000004 0.7825624999999999 0.44066 0.716 0.43535312499999995 0.7078633328125 0.44856187500000005 0.7190216671874999 0.4592525 0.8978666671875001 0.463668125 0.9493191671875 0.44507562500000003
24 0.1181933328125 0.035260625000000004 0.1185208328125 0.046336875 0.1172091671875 0.047075624999999996 0.1076941671875 0.075135 0.0706208328125 0.180974375 0.2153066671875 0.18515874999999998 0.2402408328125 0.099794375 0.2668158328125 0.048351875 0.2723933328125 0.021030625 0.2051358328125 0.02127625 0.1995583328125 0.01684625 0.1595316671875 0.024229999999999998 0.1257391671875 0.037039375 0.11934166718749999 0.03758625 0.1208175 0.03969125 0.12049000000000001 0.0399375 0.1181933328125 0.035260625000000004
24 0.21563500000000002 0.18343625 0.2543491671875 0.184174375 0.26944083281250003 0.043738125 0.2415533328125 0.102456875 0.2415533328125 0.104179375 0.21563500000000002 0.18343625
57 0.2641916671875 0.08670375 0.2651758328125 0.10442562500000001 0.2546766671875 0.18343625 0.338995 0.1858975 0.3803341671875 0.186635625 0.399035 0.10442562500000001 0.42331333281249994 0.071935625 0.2809241671875 0.057579375 0.2786275 0.059875 0.2684566671875 0.06996625 0.2641916671875 0.08670375
57 0.3944416671875 0.1692675 0.40272583281249996 0.100333125 0.3941133328125 0.12422437500000001 0.3826308328125 0.17714375 0.3944416671875 0.1692675
22 0.3823841671875 0.186496875 0.47982583281249996 0.190189375 0.4811383328125 0.18083625 0.4663741671875 0.16360625 0.46768666718749996 0.1584375 0.47654500000000005 0.15548375 0.5136191671875 0.153760625 0.5191966671875 0.1498225 0.49459 0.13603875 0.4772016671875 0.13013125 0.4604691671875 0.134561875 0.4522666671875 0.13087 0.40395583281249997 0.124939375 0.39616416718749997 0.167790625 0.3843533328125 0.176405625 0.3823841671875 0.186496875
20 0.55469 0.19185375 0.5363525 0.15301125 0.5296108328125 0.14937 0.5115441671875 0.15280875 0.46866833281250003 0.157664375 0.4665108328125 0.163363125 0.48188166718750003 0.18173875 0.48161166718750004 0.19165125 0.55469 0.19185375
50 0.5550266671874999 0.192576875 0.619475 0.196420625 0.6332275 0.15697125 0.6275649999999999 0.11388000000000001 0.6361941671875 0.111856875 0.6270258328125 0.082523125 0.5488241671874999 0.095875 0.5318358328125 0.075441875 0.524825 0.073616875 0.5307575 0.151104375 0.5356108328125 0.152318125 0.5550266671874999 0.192576875
46 0.6483966671875 0.196218125 0.6252058328125 0.19318375000000002 0.6478566671875 0.17882 0.6489358328125 0.16425375 0.6367333328125 0.11229625000000001 0.6262841671875 0.11367750000000001 0.633565 0.15697125 0.6216999999999999 0.195206875 0.6483966671875 0.196218125
46 0.6450258328125 0.149793125 0.6506883328125 0.15667124999999998 0.64961 0.1760925 0.6261491671875 0.19227687499999999 0.6399016671875 0.195311875 0.8006191671874999 0.20219 0.7884841671875 0.19288375 0.7613158328125 0.06265375 0.75808 0.056989374999999995 0.7494508328125 0.05253875 0.6736766671875001 0.05759625 0.6239250000000001 0.064010625 0.6204866671875 0.06624125 0.6266883328125 0.07392875 0.6450258328125 0.149793125
53 0.7990683328125 0.201480625 0.857315 0.204110625 0.8559666671875 0.19460249999999998 0.8513825 0.18327312499999998 0.8551575 0.12844875 0.77999 0.12316687500000001 0.7766866671875 0.12966249999999999 0.7885516671875 0.19055625 0.7990683328125 0.201480625
10 0.5108133328125 0.328775625 0.5234916671875001 0.33728625 0.52516 0.31726187499999997 0.5515183328125 0.28347 0.5458466671875 0.275960625 0.5367541671875 0.275946875 0.5358366671875 0.28747500000000004 0.5154841671875 0.31676125 0.5108133328125 0.328775625
10 0.5055583328125001 0.32627562499999996 0.5105633328125 0.3280275 0.5262450000000001 0.2994925 0.5265783328125 0.29398562500000003 0.5275791671875 0.283973125 0.5063091671875 0.2822025 0.50022 0.3037475 0.50756 0.3080025 0.5055583328125001 0.32627562499999996
35 0.3741666671875 0.5549999999999999 0.3441666671875 0.55375 0.3325 0.55625 0.32166666718750003 0.614375 0.32083333281250004 0.630625 0.3275 0.641875 0.365 0.64375 0.3741666671875 0.5549999999999999
41 0.31 0.646875 0.31416666718749997 0.6068749999999999 0.3146308328125 0.55806125 0.31555333281250003 0.529240625 0.3015691671875 0.52797625 0.24583333281250003 0.526875 0.2241666671875 0.533125 0.2216666671875 0.540625 0.2241666671875 0.6575 0.25833333281250004 0.6599999999999999 0.3016666671875 0.658125 0.31 0.646875
41 0.31362999999999996 0.629929375 0.3194591671875 0.629929375 0.3209166671875 0.623005 0.3269891671875 0.586201875 0.33111833281249997 0.556864375 0.3345183328125 0.55431375 0.3306325 0.514589375 0.2657808328125 0.511309375 0.2565516671875 0.51805125 0.2571583328125 0.5260518750000001 0.3114441671875 0.52674375 0.3155733328125 0.5291125 0.31362999999999996 0.629929375
42 0.222365 0.654841875 0.2187216671875 0.519055625 0.216535 0.49864687500000004 0.1548416671875 0.49773562499999996 0.1533841671875 0.49117625 0.13006666718749998 0.49190500000000004 0.1252091671875 0.49864687500000004 0.11597916718750001 0.50100375 0.1205941671875 0.6689556249999999 0.20487666718750003 0.66932 0.222365 0.654841875
42 0.20050500000000002 0.48297875 0.18836 0.484983125 0.1873883328125 0.4902675 0.14706916718750002 0.48789812499999996 0.1309056984375 0.4911579796875 0.1541133328125 0.49263625 0.1565416671875 0.497920625 0.2167783328125 0.49919624999999995 0.22066416718749998 0.5145025000000001 0.2184783328125 0.493365 0.21022 0.484800625 0.20050500000000002 0.48297875
42 0.1886033328125 0.484618125 0.19076779375 0.48483339062499997 0.1900608328125 0.479880625 0.1691716671875 0.47824062500000003 0.1662575 0.48297875 0.15848500000000001 0.48734124999999995 0.1873883328125 0.491360625 0.1886033328125 0.484618125
42 0.23596666718749998 0.5279868750000001 0.2456816671875 0.523795625 0.2444675 0.485165 0.234995 0.48771624999999996 0.19471211718749998 0.48522567031249997 0.20876333281249998 0.48662312500000005 0.20924833281250002 0.49227187499999997 0.2187216671875 0.493183125 0.22066416718749998 0.5910356250000001 0.222365 0.5913999999999999 0.2228508328125 0.53345375 0.23596666718749998 0.5279868750000001
42 0.17135833281249999 0.47824062500000003 0.1903033328125 0.479151875 0.1937041671875 0.48261374999999995 0.2340233328125 0.48753375 0.24276749999999997 0.48297875 0.22722250000000002 0.48097375 0.22042166718749998 0.47441374999999997 0.2036625 0.47441374999999997 0.20293333281249998 0.47678312500000003 0.1577566671875 0.47641875 0.1490125 0.48097375 0.1487691671875 0.486430625 0.1577566671875 0.487351875 0.16698583281249998 0.48279625 0.17135833281249999 0.47824062500000003
19 0.4433775 0.6428575000000001 0.43778750000000005 0.56714 0.40487 0.563179375 0.40269666718749997 0.558753125 0.37629999999999997 0.55921875 0.37599 0.56667375 0.3685366671875 0.5708675000000001 0.3668291671875 0.6682106250000001 0.4312666671875 0.6703487499999999 0.4433775 0.657301875 0.4387191671875 0.6514775 0.4433775 0.6428575000000001
19 0.44355 0.63710625 0.44661249999999997 0.633468125 0.44686750000000003 0.552850625 0.4402316671875 0.5515106249999999 0.44074166718749996 0.54710625 0.4369133328125 0.545 0.4205775 0.54614875 0.41266499999999995 0.5507443750000001 0.39199 0.55131875 0.3799941671875 0.5578350000000001 0.4369133328125 0.5585956249999999 0.44099750000000004 0.5622337500000001 0.44355 0.63710625
17 0.6397683328125 0.6636387499999999 0.6563591671875 0.659234375 0.6400233328125 0.64066 0.47054166718749996 0.629745 0.4542058328125 0.623616875 0.4501225 0.623616875 0.45190916718749996 0.633574375 0.4399758328125 0.651636875 0.4567583328125 0.65789375 0.4720733328125 0.659234375 0.6397683328125 0.6636387499999999
17 0.5963766671874999 0.638170625 0.6407891671875 0.6398937499999999 0.6635058328125 0.63089375 0.6586558328125001 0.62783 0.6382366671875 0.60676625 0.63645 0.6006381249999999 0.6109258328125 0.5966168749999999 0.5984183328125 0.5979574999999999 0.5266949999999999 0.59585125 0.5047441671875 0.5927875 0.48764333281249994 0.59489375 0.46722333281250006 0.5989150000000001 0.4501858328125 0.62316125 0.4764125 0.6293618750000001 0.5823383328125 0.637404375 0.58387 0.63568125 0.5963766671874999 0.638170625
17 0.5251641671875 0.595468125 0.563195 0.59489375 0.5966316671875 0.598531875 0.6165408328125 0.5979574999999999 0.6152650000000001 0.5960425 0.6122016671875 0.58206375 0.6147541671875 0.577468125 0.61067 0.5745956249999999 0.45829000000000003 0.572298125 0.4516533328125 0.5799575 0.4503775 0.60772375 0.45497166718750004 0.611675625 0.46594749999999996 0.59910625 0.5080625000000001 0.591638125 0.5251641671875 0.595468125
14 0.638875 0.60447125 0.6404066671875001 0.5994925 0.6595491671875 0.5958537500000001 0.6896683328125001 0.598151875 0.7866608328125 0.59489625 0.7779825 0.587045625 0.7713458328125 0.583024375 0.6225391671875 0.573449375 0.6164133328125 0.577456875 0.6164133328125 0.583215625 0.628665 0.599109375 0.638875 0.60447125
14 0.6526583328125 0.615194375 0.6569975 0.6217050000000001 0.6697591671875001 0.6354925 0.6684833328125 0.642960625 0.7157033328125 0.6502368749999999 0.7190216671874999 0.647365 0.722595 0.649279375 0.7723675 0.6456412499999999 0.8405175 0.645066875 0.8522583328125 0.644300625 0.8795691671875 0.6391306250000001 0.8719125 0.6358756249999999 0.8747199999999999 0.631279375 0.86987 0.625151875 0.8522583328125 0.615960625 0.8443458328125001 0.6069606249999999 0.827755 0.597385625 0.6832874999999999 0.59681125 0.6557208328125 0.5958537500000001 0.6396408328125001 0.60159875 0.6406616671875 0.607368125 0.6434691671875 0.608875 0.6490841671875 0.6065775 0.6526583328125 0.615194375
14 0.8545558328125 0.661535 0.8675733328125 0.66038625 0.8545558328125 0.652918125 0.8479191671875 0.6454500000000001 0.675885 0.6477475 0.6695041671874999 0.64162 0.665675 0.63472625 0.6610808328125 0.63185375 0.6503608328125 0.6383650000000001 0.6664408328125 0.6624925 0.6740983328125 0.665365 0.8336258328125 0.666130625 0.8545558328125 0.661535
16 0.4067316671875 0.835845 0.4160033328125 0.830154375 0.42316750000000003 0.825885625 0.42316750000000003 0.80565125 0.4206391671875 0.79585 0.40462499999999996 0.788894375 0.37976 0.788261875 0.35911 0.793953125 0.3521566671875 0.7988537499999999 0.3508925 0.806125625 0.3505766671875 0.8261725 0.3681708328125 0.8369518749999999 0.38755666718750004 0.8386906249999999 0.4067316671875 0.835845
16 0.395985 0.85718625 0.41368499999999997 0.850230625 0.4219033328125 0.84359125 0.42211416718750006 0.82636 0.4037816671875 0.83821625 0.3675391671875 0.83884875 0.3500491671875 0.8285425 0.3511033328125 0.8446975 0.36796 0.8556056249999999 0.395985 0.85718625
8 0.31654583281250004 0.7746668750000001 0.3382491671875 0.776721875 0.3603741671875 0.769608125 0.3656425 0.7656562499999999 0.3671175 0.747476875 0.3660641671875 0.736885 0.35194583281249997 0.729929375 0.32687083281249996 0.72977125 0.3043241671875 0.7360949999999999 0.2981608328125 0.74577125 0.2977925 0.7639175 0.301585 0.7700825 0.31654583281250004 0.7746668750000001
8 0.3470991671875 0.7903175 0.3580566671875 0.78731375 0.3656425 0.783361875 0.3658533328125 0.7658143749999999 0.3595316671875 0.77039875 0.3403566671875 0.77688 0.31781000000000004 0.774825 0.3017958328125 0.770715 0.29716 0.76534 0.2955275 0.7827124999999999 0.3083283328125 0.789210625 0.3308741671875 0.793004375 0.3470991671875 0.7903175
8 0.33424583281250003 0.8100775 0.3485741671875 0.80707375 0.3511033328125 0.79996 0.35974249999999997 0.79268875 0.36416750000000003 0.791581875 0.3662741671875 0.7836775 0.35974249999999997 0.787471875 0.3411991671875 0.79284625 0.322235 0.793004375 0.3043241671875 0.788894375 0.2955275 0.784095 0.29568500000000003 0.7985375 0.30011 0.8040706249999999 0.31464916718749997 0.809603125 0.33424583281250003 0.8100775
8 0.3483641671875 0.825885625 0.3504708328125 0.8083387500000001 0.3470991671875 0.8083387500000001 0.3380391671875 0.810235625 0.3194958328125 0.809919375 0.30601 0.8069162499999999 0.2973708328125 0.8016768750000001 0.2963175 0.815926875 0.30664250000000004 0.8246212500000001 0.3232891671875 0.827466875 0.3483641671875 0.825885625
26 0.4583333328125 0.8568749999999999 0.47583333281250006 0.8618750000000001 0.49833333281250003 0.8618750000000001 0.5133333328125 0.858125 0.5216666671875 0.85 0.5316666671875 0.829375 0.5316666671875 0.821875 0.5275000000000001 0.8150000000000001 0.515 0.8074999999999999 0.4933333328125 0.8025 0.47750000000000004 0.8025 0.4566666671875 0.806875 0.44333333281250004 0.8168749999999999 0.4425 0.8300000000000001 0.4458333328125 0.8393750000000001 0.45083333281250004 0.849375 0.4583333328125 0.8568749999999999
28 0.5556541671875 0.777194375 0.5579725 0.77909125 0.5596574999999999 0.78999875 0.56914 0.7971125 0.5843116671875 0.802013125 0.6085433328125001 0.80280375 0.617815 0.79679625 0.6226616671875 0.7888925 0.6228724999999999 0.7814625000000001 0.6260333328125001 0.7781425 0.6287725 0.767709375 0.6199225 0.759014375 0.5967433328125 0.7550625 0.5653475 0.7571175 0.5575508328125001 0.7631249999999999 0.5539158328125 0.76631625 0.5533366671875 0.7648637500000001 0.5527041671874999 0.7740325 0.5556541671875 0.777194375
28 0.549965 0.8005906250000001 0.5539683328125 0.813236875 0.5619758328125 0.822248125 0.5857866671874999 0.8260418749999999 0.6034866671875 0.82382875 0.6142333328125 0.8148181250000001 0.6146541671875 0.8070718749999999 0.6205541671875 0.801855 0.6205541671875 0.797903125 0.6209758328125 0.79237 0.6112833328125 0.8005906250000001 0.5948475 0.803751875 0.5784116671875 0.801696875 0.56619 0.79679625 0.5609225 0.79063125 0.5570766671875 0.781131875 0.5484899999999999 0.785730625 0.5465933328125 0.793635 0.5465933328125 0.798535625 0.549965 0.8005906250000001
28 0.5493325 0.8250931250000001 0.5512291671875 0.8341043750000001 0.5581825 0.8443793749999999 0.5695616671875 0.849438125 0.5857866671874999 0.8511768749999999 0.6009575 0.849121875 0.6108616671875 0.8394787499999999 0.6123366671875 0.8337881250000001 0.6127583328124999 0.830784375 0.6188683328125 0.8246193749999999 0.6188683328125 0.8200350000000001 0.6157083328125 0.8133950000000001 0.6070683328125 0.820666875 0.603065 0.824145 0.5855758328125 0.8268325000000001 0.5642933328125 0.82319625 0.5554433328124999 0.8173475 0.5543899999999999 0.809759375 0.5520725 0.806123125 0.54554 0.8105499999999999 0.5451183328125 0.818611875 0.5461725000000001 0.8230381250000001 0.5493325 0.8250931250000001
29 0.6310374999999999 0.756209375 0.6325125 0.765061875 0.6358841671875 0.771859375 0.656745 0.778183125 0.6727591671875001 0.778656875 0.6828733328125 0.776918125 0.6900375000000001 0.77265 0.6923549999999999 0.763165 0.6976233328125 0.7543124999999999 0.6866658328125 0.741981875 0.6691766671875 0.737871875 0.6449441671875 0.738661875 0.6321433328125 0.74379625 0.6310374999999999 0.74514375 0.6295625 0.75194125 0.6310374999999999 0.756209375
29 0.6285091671874999 0.785296875 0.6556908328125 0.786403125 0.6885625 0.7883 0.6885625 0.785455 0.6946733328125 0.780554375 0.69383 0.7709112499999999 0.6910908328125 0.76933 0.6822408328125 0.77707625 0.6710733328125 0.77913125 0.65843 0.778183125 0.6369374999999999 0.771385 0.6334608328125 0.76611875 0.6297733328125 0.76964625 0.6291408328125 0.77676 0.6297733328125 0.781344375 0.6285091671874999 0.785296875
49 0.910255 0.863198125 0.9145208328125 0.838773125 0.9109283328125001 0.834225 0.9111533328125001 0.8375937499999999 0.6448575 0.836458125 0.641265 0.8371318750000001 0.6385708328125 0.834436875 0.63655 0.84814375 0.6409283328125001 0.8566287499999999 0.6465416671875001 0.86235625 0.910255 0.863198125
49 0.9140158328125001 0.812495 0.8974 0.7976712499999999 0.6373358328125 0.794639375 0.6337433328125 0.8228837499999999 0.6407033328125 0.836751875 0.7906908328125 0.8377625 0.9101983328125 0.8374256250000001 0.9140158328125001 0.812495
49 0.6339675 0.824455 0.6341916671875001 0.817716875 0.6220675 0.81670625 0.6211691671875 0.8185593750000001 0.6202708328125001 0.84077625 0.6377849999999999 0.8413 0.6395808328125 0.83405625 0.6339675 0.824455
49 0.6204391671875 0.816758125 0.6354833328125 0.8177687499999999 0.6348091671875 0.7997443750000001 0.6359325 0.795365 0.8166808328125 0.797891875 0.8117408328125 0.79031125 0.6244808328125 0.7862568750000001 0.6208883328125 0.79384875 0.6211133328125 0.7994074999999999 0.6204391671875 0.816758125