42 0.21749999999999997 0 0.224375 0.10500000000000001 0.23500000000000001 0.20833333281250002 0.23625 0.2166666671875 0.24312499999999998 0.2241666671875 0.28312499999999996 0.2216666671875 0.29 0.22000000000000003 0.29125 0.2166666671875 0.27625 0 0.21749999999999997 0
42 0.27999999999999997 0 0.27999999999999997 0.0533333328125 0.2925 0.2208333328125 0.296875 0.2308333328125 0.3125 0.2375 0.349375 0.23583333281250002 0.3525 0.2325 0.3525 0.2233333328125 0.34249999999999997 0.0325 0.338125 0 0.27999999999999997 0
42 0.505625 0.24 0.551875 0.23583333281250002 0.5575 0.2325 0.55625 0.030833332812499996 0.534375 0.030833332812499996 0.5225 0.015 0.5237499999999999 0.0091666671875 0.510625 0.0075 0.50625 0 0.3406875 0.0012266671875 0.3525 0.20833333281250002 0.35562499999999997 0.23583333281250002 0.379375 0.24416666718750002 0.41312499999999996 0.24416666718750002 0.505625 0.24
41 0.5587500000000001 0 0.5599999999999999 0.2308333328125 0.673125 0.2216666671875 0.681225 0.1087966671875 0.684375 0 0.5587500000000001 0
35 0.6849999999999999 0 0.6793750000000001 0.1108333328125 0.6775 0.2158333328125 0.696875 0.2125 0.70375 0.1933333328125 0.708125 0.1433333328125 0.709375 0.0675 0.7056250000000001 0 0.6849999999999999 0
19 0.765165 0 0.756800625 0.21477333281250002 0.826700625 0.221945 0.9237500000000001 0.2125 0.943125 0 0.838125 0 0.765165 0
19 0.705800625 0 0.70892 0.0594758328125 0.710054375 0.11545000000000001 0.7029650000000001 0.21227000000000001 0.7341575 0.21718666718750002 0.753125 0.2133333328125 0.756875 0.1983333328125 0.76375 0 0.7424999999999999 0 0.705800625 0
17 0.999375 0.12833333281249998 0.9356249999999999 0.1233333328125 0.930625 0.1541666671875 0.93 0.17333333281250002 0.927118125 0.2089183328125 0.999375 0.20540833281249998 0.999375 0.12833333281249998
17 0.945625 0.054166667187499996 0.9412499999999999 0.058333332812500006 0.938125 0.0758333328125 0.9344043750000001 0.12436083281250002 0.999375 0.12949 0.999375 0.055833332812500004 0.945625 0.054166667187499996
15 0.39125 0.9533333328125 0.421875 0.9666666671874999 0.45875000000000005 0.9650000000000001 0.49000000000000005 0.9483333328124999 0.51375 0.9191666671875 0.521875 0.8883333328124999 0.524375 0.795 0.51625 0.7708333328125 0.49874999999999997 0.7508333328125001 0.464375 0.7358333328125 0.434375 0.735 0.41125 0.7408333328125 0.3775 0.7625 0.364375 0.7791666671875 0.35562499999999997 0.8025 0.355 0.8266666671875 0.36375 0.9116666671875 0.37312500000000004 0.9349999999999999 0.39125 0.9533333328125
26 0.84075375 0.7122083328125 0.8612500000000001 0.725 0.880625 0.7316666671875 0.9081250000000001 0.7333333328125 0.9268750000000001 0.7258333328125001 0.943125 0.7041666671875 0.95055 0.6826166671875 0.959083125 0.6735116671875 0.959083125 0.6560608328125 0.9556699999999999 0.6439208328125 0.94742125 0.6496116671875 0.93263 0.6647866671875 0.9198299999999999 0.6697183328125 0.9033318749999999 0.6712358328125 0.871758125 0.6617516671875 0.8456250000000001 0.65 0.8487181250000001 0.6704766671875 0.845305 0.6784441671875 0.8438825 0.6993091671875 0.84075375 0.7122083328125
26 0.826875 0.6075 0.8225 0.6075 0.8175000000000001 0.615 0.8168749999999999 0.6224999999999999 0.826875 0.6283333328125 0.82875 0.6224999999999999 0.826875 0.6075
26 0.8881249999999999 0.6708333328125 0.9243750000000001 0.67 0.9487500000000001 0.6541666671875 0.96199875 0.6139675 0.9705325 0.6060008328125 0.97110125 0.5839966671875 0.9568787499999999 0.5627516671875 0.9037499999999999 0.5416666671875 0.8731249999999999 0.5366666671875 0.844375 0.54 0.8300000000000001 0.5475 0.8237500000000001 0.5616666671874999 0.8262499999999999 0.6075 0.835625 0.6341666671875 0.85375 0.6541666671875 0.8881249999999999 0.6708333328125
29 0.91625 0.5441666671875 0.9324999999999999 0.5491666671875 0.93875 0.545 0.9412499999999999 0.5349999999999999 0.9643750000000001 0.5208333328125 0.9637499999999999 0.505 0.96 0.49916666718749997 0.9574999999999999 0.48333333281249996 0.96 0.47750000000000004 0.9662499999999999 0.47083333281249995 0.9956250000000001 0.4625 0.985625 0.45583333281250005 0.9506249999999999 0.44749999999999995 0.930625 0.4491666671875 0.9193749999999999 0.45416666718750004 0.91625 0.4591666671875 0.9168749999999999 0.48666666718749996 0.909375 0.5108333328125 0.9106249999999999 0.5375 0.91625 0.5441666671875
28 0.9868750000000001 0.5541666671875001 0.999375 0.5591666671875 0.999375 0.4641666671875 0.9731249999999999 0.4691666671875 0.96125 0.47583333281250006 0.9581250000000001 0.48166666718749995 0.9574999999999999 0.4916666671875 0.9650000000000001 0.525 0.9731249999999999 0.5425 0.9868750000000001 0.5541666671875001
28 0.971875 0.6 0.9662499999999999 0.6108333328125 0.9706250000000001 0.6224999999999999 0.999375 0.6283333328125 0.999375 0.5599999999999999 0.971875 0.5441666671875 0.9675 0.5283333328125 0.9643750000000001 0.5258333328125 0.946875 0.53 0.9412499999999999 0.5375 0.938125 0.5525 0.959375 0.5675 0.9712500000000001 0.5858333328125 0.971875 0.6
28 0.999375 0.6875 0.999375 0.6333333328124999 0.9662499999999999 0.6133333328125 0.9568749999999999 0.6341666671875 0.9581250000000001 0.6733333328125 0.960625 0.6766666671875 0.9775 0.6849999999999999 0.999375 0.6875
16 0.734666875 0.7127666671874999 0.75297125 0.7256025 0.77731375 0.7359216671875 0.795051875 0.7376833328125 0.8086387500000001 0.7384383328124999 0.8222250000000001 0.7361733328125 0.83411375 0.7281191671875 0.840340625 0.7205691671875 0.8465206249999999 0.6723783328125 0.8485962499999999 0.6595424999999999 0.8421806249999999 0.6477133328125 0.832934375 0.6373949999999999 0.81802625 0.6248108328125 0.79368375 0.6152466671875 0.770850625 0.6122266671875 0.752924375 0.6129816671875 0.737261875 0.6187708328125 0.7291475000000001 0.6243075 0.72627 0.6303300000000001 0.720325625 0.6886058328125 0.726741875 0.703455 0.734666875 0.7127666671874999
16 0.75410375 0.7771966671875 0.79410875 0.7907875 0.8144881249999999 0.7862574999999999 0.8276975 0.77468 0.83411375 0.7663741671875 0.8388312499999999 0.7245958328125 0.830905625 0.7298808328125 0.8182625 0.7374316671875001 0.801090625 0.7384383328124999 0.784484375 0.7371800000000001 0.770331875 0.7331533328125001 0.750895625 0.7256025 0.73881875 0.7167941671875 0.729571875 0.7074816671875 0.72315625 0.70119 0.71919375 0.6919733328125 0.7156081249999999 0.7278675 0.71825 0.7427166671875 0.731081875 0.7653675 0.75410375 0.7771966671875
8 0.510346875 0.606595 0.5339343750000001 0.6166616671875 0.565448125 0.6234566671875 0.59582875 0.6154033328125 0.609793125 0.6010575 0.61111375 0.5937591671875 0.61583125 0.539145 0.6077175 0.5250508328125 0.594319375 0.5159900000000001 0.570543125 0.5071816671875 0.549785625 0.5041616671875 0.533368125 0.5051683328125 0.517895 0.5094466671875 0.50171375 0.5177375 0.49770375 0.5288258328125 0.49657125 0.5824333328125 0.49676 0.5894808328125001 0.510346875 0.606595
8 0.5339343750000001 0.6686799999999999 0.563749375 0.6729591671875 0.585261875 0.6699383328125 0.59733875 0.6618850000000001 0.606585 0.6472875 0.6101706250000001 0.6024891671875 0.604509375 0.6087808328125 0.5931875 0.6180925 0.569599375 0.6208616671875 0.546955 0.6208616671875 0.525254375 0.6143175000000001 0.51129 0.6077741671875 0.503930625 0.6029925 0.499590625 0.5964483328125 0.49628812499999997 0.5913316671875 0.494684375 0.63571 0.499024375 0.6482941671875 0.5124225 0.6616333328125 0.5339343750000001 0.6686799999999999
8 0.51732875 0.713715 0.5269524999999999 0.716735 0.549030625 0.7227750000000001 0.5669575 0.72202 0.578845625 0.7202583328125 0.5905456250000001 0.71296 0.598659375 0.7059124999999999 0.604320625 0.6986141671875 0.605453125 0.6812483328125001 0.6077175 0.649285 0.602245 0.655325 0.595451875 0.6638824999999999 0.58677125 0.6689158328125 0.575071875 0.6719358328125 0.554125625 0.6744525 0.53752 0.6709291671875001 0.52827375 0.6686641671875 0.5186493750000001 0.6651408328125 0.50600625 0.6573383328125 0.500345625 0.650795 0.49510875 0.6397649999999999 0.49506187500000004 0.682255 0.49864687500000004 0.6940833328125 0.5065725 0.7054091671875 0.51732875 0.713715
8 0.495628125 0.7306975 0.50204375 0.7473083328125 0.513743125 0.7593891671875 0.5295943750000001 0.7697083328125001 0.555069375 0.7724766671875 0.574883125 0.770715 0.58601625 0.7641708328125 0.597905 0.7520908328125 0.60281125 0.7432816671875 0.604320625 0.6994900000000001 0.593941875 0.7118216671875001 0.579600625 0.7201275 0.561485 0.7249091671875 0.544501875 0.7236508328125 0.52638625 0.7178625000000001 0.5084593749999999 0.7072916671875 0.49864687500000004 0.6974766671875 0.49581625 0.6891425 0.49487312499999997 0.6798591671875001 0.493929375 0.7216375 0.495628125 0.7306975