49 0.29944875 0.44644083281249997 0.296998125 0.5294075 0.307535 0.8733508328124999 0.40481937500000004 0.8619808328125 0.41364062500000004 0.7450425 0.354339375 0.4484 0.29944875 0.44644083281249997
49 0.40684250000000005 0.8380733328125001 0.40290875000000004 0.8637666671875 0.309286875 0.8727558328124999 0.312826875 0.9964275 0.41195624999999997 0.9759783328125 0.415103125 0.8621933328125 0.40684250000000005 0.8380733328125001
49 0.36612875 0.5072558328125 0.413333125 0.7508775 0.410185625 0.8069824999999999 0.406645625 0.8342491671875001 0.41451312500000004 0.8735758328125 0.41451312500000004 0.9304500000000001 0.50538125 0.9125316671875 0.500660625 0.8186724999999999 0.4062525 0.5025366671875 0.36612875 0.5072558328125
49 0.410579375 0.4754208328125 0.410579375 0.5163208328125 0.4979075 0.8068116671875 0.5020374999999999 0.8071941671875 0.551011875 0.7980691671875 0.547865 0.712075 0.44834250000000003 0.47122666718749995 0.410579375 0.4754208328125
29 0.498026875 0.530925 0.505351875 0.5494258328125 0.5217375 0.5597041671875 0.5464125 0.5679274999999999 0.5751356249999999 0.5627883328125 0.5847743750000001 0.554565 0.5934487500000001 0.5245008328125 0.595376875 0.5098541671875 0.602509375 0.5031733328125 0.602895 0.48775583281249996 0.5976899999999999 0.478505 0.582075625 0.4659141671875 0.5568225 0.45614916718750004 0.52790625 0.45563583281250003 0.507665625 0.4620591671875 0.49220312499999996 0.467585 0.489545 0.48775583281249996 0.4914725 0.4967491671875 0.496291875 0.5052291671875 0.498026875 0.530925
29 0.49474937499999994 0.583345 0.509015 0.6170066671875001 0.549496875 0.6288266671875 0.5776418750000001 0.6149508328125 0.588244375 0.5871991671875 0.5890150000000001 0.5766641671875 0.5961475 0.5656141671875 0.5982681249999999 0.5509674999999999 0.5892081250000001 0.5424883328125001 0.5847743750000001 0.5571349999999999 0.574364375 0.5622741671875 0.545063125 0.5661283328125 0.5215449999999999 0.5591908328125 0.5049662500000001 0.5491691671875001 0.497593125 0.5253683328125 0.48742437499999997 0.5368350000000001 0.48684625 0.5561066671875 0.49417125000000006 0.5699825 0.49474937499999994 0.583345
28 0.318700625 0.42791750000000006 0.337206875 0.4356266671875 0.373833125 0.43793916718750003 0.39349625 0.43382750000000003 0.401785 0.4068466671875 0.4050625 0.38603333281249996 0.411038125 0.37960916718750004 0.41045999999999994 0.37010166718750004 0.4015925 0.364705 0.39735125 0.3590525 0.379809375 0.3533991671875 0.353399375 0.3498016671875 0.32641125 0.3487741671875 0.31619437499999997 0.3513433328125 0.30457999999999996 0.35669249999999997 0.302700625 0.37369916718749996 0.310025625 0.3772966671875 0.30925437499999997 0.3991383328125 0.318700625 0.42791750000000006
28 0.35455625 0.4500166671875 0.36727875 0.5104016671875 0.40140000000000003 0.48753250000000004 0.40583375000000005 0.4487316671875 0.41431562499999997 0.4392241671875 0.412773125 0.4238066671875 0.398700625 0.4166116671875 0.392339375 0.43459833281250004 0.37229125 0.437425 0.338363125 0.43511249999999996 0.318893125 0.42791750000000006 0.315905 0.41902249999999996 0.30925437499999997 0.425605 0.30925437499999997 0.44025166718750003 0.313495625 0.44590500000000005 0.35455625 0.4500166671875
15 0.30482062499999996 0.3575666671875 0.328339375 0.34626 0.34453187500000004 0.3480591671875 0.34511 0.3262175 0.327568125 0.3174808328125 0.2917125 0.31619583281249997 0.27494125 0.3255275 0.277254375 0.3734983328125 0.294989375 0.3791508328125 0.300386875 0.3627058328125 0.30482062499999996 0.3575666671875
14 0.9301 0.117615 0.9150175 0.0630175 0.739509375 0.0313366671875 0.719399375 0.07642083281249999 0.9301 0.117615
14 0.41683125 0 0.438769375 0.0277275 0.719399375 0.07642083281249999 0.7459081249999999 0.032555832812500005 0.71482875 0.0008750000000000001 0.41683125 0
8 0.40713687500000006 0.369375 0.41287874999999996 0.3681291671875 0.41421437499999997 0.3346666671875 0.39405125 0.32487666718749997 0.351454375 0.3302166671875 0.353190625 0.3483383328125 0.370415625 0.35211000000000003 0.39605375 0.3588733328125 0.40713687500000006 0.369375