31 0.544426875 0.5424683328125 0.499528125 0.5643866671875 0.45572375000000004 0.58046 0.404254375 0.6418316671875 0.382285625 0.6622891671875 0.40718249999999995 0.7090483328125 0.584588125 0.7236608328125 0.84361 0.679635 0.7809675 0.5877666671874999 0.7568756249999999 0.5600025 0.6648875000000001 0.5453908328125 0.544426875 0.5424683328125
31 0.7856124999999999 0.7134324999999999 0.420435625 0.7198075 0.378236875 0.8171799999999999 0.441751875 0.8361758328125 0.8316062499999999 0.8040283328125 0.7856124999999999 0.7134324999999999
31 0.8162750000000001 0.9296941671875001 0.7834218749999999 0.8332533328125 0.37113375 0.8238891671875 0.35523937499999997 0.8522491671875001 0.381521875 0.8741675000000001 0.754949375 0.9443066671875 0.8162750000000001 0.9296941671875001
30 0.40244749999999996 0.7660366671875 0.41011312499999997 0.7192775 0.379450625 0.6564441671875 0.40792312500000005 0.6184525 0.41668374999999996 0.4489491671875 0.18342875 0.4051125 0.177953125 0.4153408328125 0.205330625 0.7601916671875 0.220661875 0.8040283328125 0.2793775 0.8476266671875001 0.352073125 0.8405591671874999 0.376165625 0.8201025 0.40244749999999996 0.7660366671875
30 0.41120875 0.58046 0.417779375 0.6009175 0.44077625 0.5819216671875 0.44077625 0.5468516671875 0.44296625 0.40803500000000004 0.23555312499999997 0.3874758328125 0.2272325 0.40365083281249997 0.419969375 0.4533333328125 0.41120875 0.58046
10 0.078299375 0.3291283328125 0.059682500000000006 0.3875775 0.06844375 0.45041083281249994 0.081584375 0.5775375 0.076109375 0.6798241671875 0.07939437499999999 0.7631141671874999 0.12757875000000002 0.7967225 0.1746675 0.7864933328125 0.204235625 0.7660366671875 0.176858125 0.41095750000000003 0.21628124999999998 0.40365083281249997 0.176858125 0.2867525 0.16700187500000002 0.2692175 0.17028749999999998 0.2253808328125 0.134210625 0.22131083281250002 0.118818125 0.21953583281250003 0.1144375 0.2443766671875 0.118818125 0.2633725 0.078299375 0.3291283328125
10 0.237088125 0.3919608328125 0.25570499999999996 0.3641975 0.232708125 0.3189 0.21409125 0.26044999999999996 0.21737625 0.23560916718749997 0.17940375 0.2286141671875 0.177953125 0.2823691671875 0.219566875 0.3919608328125 0.237088125 0.3919608328125
10 0.251324375 0.3554308328125 0.2830825 0.361275 0.291843125 0.3437408328125 0.261180625 0.2969808328125 0.25680000000000003 0.23414833281249997 0.239661875 0.23409249999999998 0.2294225 0.24145416718749999 0.218471875 0.2794466671875 0.251324375 0.3554308328125
0 0.0021693750000000003 0.43141416718750003 0.009835 0.7426566671875 0.073350625 0.7485016671875 0.078825625 0.5716924999999999 0.053410625 0.3290441671875 0.025735 0.3232833328125 0.016973750000000003 0.3715041671875 0.01587875 0.40803500000000004 0.0021693750000000003 0.43141416718750003
9 0.03140875 0.3104016671875 0.0828125 0.30952250000000003 0.060405625 0.2910558328125 0.05513375 0.22070666718749998 0.018955625 0.22219416718749999 0.018886875 0.2787441671875 0.006365625 0.291935 0.03140875 0.3104016671875
9 0.010544375 0.2963316671875 0 0.3033666671875 0.0006587499999999999 0.3693191671875 0.0082975 0.375475 0.02279625 0.3165575 0.010544375 0.2963316671875