10 0.81125 0.5708333328124999 0.8025 0.6366666671875 0.7975 0.65 0.79375 0.6958333328124999 0.7849999999999999 0.7191666671875 0.788125 0.7241666671875 0.80625 0.7325 0.8256249999999999 0.7266666671875 0.835625 0.7166666671875 0.849375 0.6891666671875 0.8474999999999999 0.6683333328125001 0.8597356250000001 0.6235058328124999 0.875625 0.5408333328125 0.8925000000000001 0.46666666718750005 0.8881249999999999 0.4225 0.8731249999999999 0.38166666718750003 0.880625 0.36 0.880625 0.3516666671875 0.8568749999999999 0.34500000000000003 0.8481249999999999 0.3458333328125 0.8387499999999999 0.38 0.809375 0.4183333328125 0.82088625 0.4307558328125 0.81311625 0.47531666718750004 0.8255481250000001 0.5053691671875 0.81125 0.5708333328124999
0 0.8012499999999999 0.5525 0.79375 0.5633333328125001 0.7893749999999999 0.6083333328125 0.7787499999999999 0.6641666671875 0.778125 0.6858333328125 0.774375 0.6891666671875 0.770625 0.7083333328125 0.77125 0.7333333328125 0.779375 0.7258333328125001 0.79375 0.6925 0.7925 0.6733333328125 0.8012499999999999 0.63 0.8025 0.6258333328125001 0.8106249999999999 0.6224999999999999 0.806875 0.6025 0.8087500000000001 0.5808333328125 0.818125 0.5325 0.8225 0.5233333328125 0.8225 0.49916666718749997 0.8138025000000001 0.4747858328125 0.818125 0.4341666671875 0.809375 0.4258333328125 0.795 0.4225 0.790625 0.42416666718749996 0.7875 0.4308333328125 0.795 0.45083333281250004 0.81002 0.47646750000000004 0.803125 0.5308333328125 0.8012499999999999 0.5525
30 0.8862500000000001 0.7016666671875 0.8975 0.6958333328124999 0.905 0.6733333328125 0.9075 0.6425 0.9175000000000001 0.6091666671875 0.921875 0.5766666671875 0.9512499999999999 0.45083333281250004 0.8943749999999999 0.46166666718749994 0.883125 0.5016666671875 0.875625 0.5458333328125 0.850625 0.6491666671874999 0.8462500000000001 0.6799999999999999 0.8474999999999999 0.6975 0.8568749999999999 0.7008333328125 0.8862500000000001 0.7016666671875
17 0.8012499999999999 0.9783333328125 0.759375 0.9458333328125 0.7224999999999999 0.9775 0.708125 0.9941666671875 0.70625 0.9991666671875 0.7925 0.9991666671875 0.805 0.985 0.8012499999999999 0.9783333328125
46 0.8150000000000001 0 0.8143750000000001 0.0025 0.8162499999999999 0.0516666671875 0.819375 0.0633333328125 0.8162499999999999 0.1 0.82125 0.13916666718749998 0.811875 0.15 0.804375 0.1691666671875 0.946875 0.2108333328125 0.9506249999999999 0.1916666671875 0.9506249999999999 0.1458333328125 0.940625 0.0366666671875 0.9324999999999999 0 0.8150000000000001 0
46 0.721875 0 0.7212500000000001 0.005 0.7268749999999999 0.034999999999999996 0.725625 0.0416666671875 0.72 0.048333332812500004 0.7224999999999999 0.057499999999999996 0.72 0.1041666671875 0.73125 0.12 0.7325 0.14750000000000002 0.760625 0.1616666671875 0.8237500000000001 0.1775 0.835625 0.1775 0.821875 0.1416666671875 0.81875 0.0975 0.82 0.06833333281250001 0.8150000000000001 0.0366666671875 0.8175000000000001 0.0208333328125 0.8143750000000001 0 0.721875 0
46 0.703125 0 0.698125 0.01 0.6900000000000001 0.0116666671875 0.70625 0.11916666718749999 0.716875 0.1375 0.719375 0.14750000000000002 0.73875 0.1508333328125 0.725625 0.05 0.7275 0.029166667187500002 0.7224999999999999 0 0.703125 0
57 0.5756249999999999 0 0.578125 0.0208333328125 0.58875 0.0366666671875 0.6012500000000001 0.0816666671875 0.605 0.1183333328125 0.704375 0.1458333328125 0.716875 0.1458333328125 0.71 0.1358333328125 0.704375 0.1166666671875 0.68625 0 0.5756249999999999 0
24 0.25875 0 0.259375 0.0408333328125 0.2575 0.0441666671875 0.22999999999999998 0.0658333328125 0.21937500000000001 0.0633333328125 0.21937500000000001 0.0679166671875 0.21125 0.0783333328125 0.20249999999999999 0.08 0.200625 0.0916666671875 0.195625 0.10166666718749999 0.18625 0.1108333328125 0.1875 0.11499999999999999 0.20812499999999998 0.11499999999999999 0.2125 0.10916666718750001 0.22000000000000003 0.11333333281249999 0.231875 0.10916666718750001 0.23500000000000001 0.1116666671875 0.260625 0.10833333281249999 0.270625 0.1108333328125 0.291875 0.1058333328125 0.4725 0.0875 0.5925 0.1158333328125 0.595 0.11499999999999999 0.598125 0.1066666671875 0.596875 0.1 0.6 0.0958333328125 0.599375 0.0791666671875 0.585 0.0325 0.5700000000000001 0.03 0.568125 0.0116666671875 0.5625 0 0.25875 0
24 0.09308374999999999 0.1183741671875 0.11898187499999999 0.1229041671875 0.132143125 0.1268675 0.136813125 0.1178083328125 0.151248125 0.10988083281250001 0.161013125 0.0430641671875 0.16610750000000002 0.0045591671875 0.166531875 0 0.12152937500000001 0.0001416671875 0.126199375 0.060050832812499996 0.12407625 0.07250833281249999 0.09817875000000001 0.10308583281249999 0.09308374999999999 0.1183741671875
24 0.136813125 0.1172416671875 0.13638875 0.1229041671875 0.140634375 0.13026500000000002 0.18436375 0.12063916718750001 0.184788125 0.11157916718750001 0.19370375 0.0979891671875 0.20049687500000002 0.07817083281250001 0.21111062500000002 0.07590583281249999 0.219176875 0.0628825 0.234036875 0.064015 0.259934375 0.0441966671875 0.25823625 0.0000291671875 0.16716875 0 0.16483375 0.053822499999999995 0.15549375000000001 0.07081 0.153795625 0.10704916718749999 0.136813125 0.1172416671875
1 0.721594375 0.455495 0.7211700000000001 0.4390725 0.73263375 0.4390725 0.73518125 0.4271808328125 0.733483125 0.4079266671875 0.725840625 0.4022633328125 0.71182875 0.3966008328125 0.69399625 0.3966008328125 0.686778125 0.4022633328125 0.6778612500000001 0.42604749999999997 0.6876268750000001 0.4266141671875 0.684230625 0.4441691671875 0.67404 0.4520975 0.659179375 0.45940916718749997 0.6833812499999999 0.47133333281249995 0.707583125 0.47926166718749996 0.724566875 0.4922858328125 0.728388125 0.5041783328125 0.720745 0.5702575000000001 0.72499125 0.5855475 0.724677875 0.59703871875 0.7309356250000001 0.5953691671875 0.742824375 0.5800791671875001 0.747919375 0.5489333328125 0.749193125 0.5075941671875001 0.742824375 0.47588166718749997 0.721594375 0.455495
1 0.724141875 0.6166933328125 0.6821075000000001 0.8556683328125001 0.690174375 0.8579341671874999 0.69866625 0.8375475 0.73136 0.6180208328125001 0.7246685171875 0.5973818343749999 0.724141875 0.6166933328125
10 0.75259 0.3732475 0.7657518750000001 0.3715483328125 0.77849 0.37438 0.787830625 0.3772116671875 0.7950487500000001 0.3851391671875 0.795898125 0.3930675 0.792076875 0.42251500000000003 0.8056637500000001 0.4276116671875 0.800993125 0.3936333328125 0.79292625 0.3772116671875 0.788255625 0.3653191671875 0.788255625 0.3539933328125 0.79292625 0.3471975 0.7950487500000001 0.3296425 0.764903125 0.3228475 0.758109375 0.34210083281250003 0.764903125 0.3426675 0.7559862500000001 0.36362 0.737304375 0.3857058328125 0.730829375 0.4020891671875 0.746645625 0.411755 0.749193125 0.40156166718749997 0.75259 0.3732475
1 0.573125 0.42416666718749996 0.5706249999999999 0.40750000000000003 0.560625 0.39 0.560625 0.3508333328125 0.55625 0.3466666671875 0.525 0.34500000000000003 0.520625 0.3591666671875 0.521875 0.3858333328125 0.51375 0.3958333328125 0.504375 0.3991666671875 0.505625 0.4141666671875 0.5431250000000001 0.4183333328125 0.568125 0.4266666671875 0.573125 0.42416666718749996
1 0.4925 0.3916666671875 0.48687500000000006 0.36875 0.49000000000000005 0.34750000000000003 0.48875 0.33166666718750004 0.479375 0.3266666671875 0.46125 0.3258333328125 0.45499999999999996 0.3333333328125 0.456875 0.3525 0.45437500000000003 0.3725 0.45 0.38 0.4925 0.3916666671875
1 0.57125 0.4158333328125 0.5743750000000001 0.4291666671875 0.58375 0.4375 0.58875 0.4533333328125 0.588125 0.4625 0.6 0.4583333328125 0.6425 0.4583333328125 0.64125 0.4483333328125 0.635625 0.44000000000000006 0.63125 0.42416666718749996 0.62446875 0.4162858328125 0.625318125 0.4026941671875 0.630625 0.3891666671875 0.63 0.38 0.625318125 0.37268083281250003 0.6079100000000001 0.3681508328125 0.5912499999999999 0.37 0.58540625 0.3936333328125 0.591350625 0.40382666718750004 0.588803125 0.41402 0.5798868749999999 0.4213816671875 0.57125 0.4158333328125
9 0.630625 0.3858333328125 0.63 0.3966666671875 0.624375 0.40750000000000003 0.624375 0.4158333328125 0.6275000000000001 0.4266666671875 0.63125 0.43 0.653125 0.41166666718749995 0.6537499999999999 0.40833333281249995 0.64375 0.38416666718750003 0.6431250000000001 0.37333333281250003 0.645625 0.35750000000000004 0.645309375 0.33778416718750004 0.611306875 0.3358716671875 0.60772125 0.3642883328125 0.608029375 0.36778083281249996 0.628518125 0.373945 0.630625 0.3858333328125
9 0.65625 0.41166666718749995 0.6481250000000001 0.4216666671875 0.6425 0.4233333328125 0.635604375 0.43331749999999997 0.64176625 0.4476991671875 0.6436143750000001 0.4579725 0.6487499999999999 0.4591666671875 0.6587500000000001 0.4583333328125 0.673961875 0.4518091671875 0.683975 0.44420666718749996 0.68705625 0.4271533328125 0.676889375 0.4267425 0.680625 0.42000000000000004 0.681875 0.40750000000000003 0.688125 0.3966666671875 0.705 0.39416666718750004 0.711875 0.3883333328125 0.7112499999999999 0.3675 0.708125 0.3566666671875 0.703125 0.3533333328125 0.6912499999999999 0.3516666671875 0.67875 0.3508333328125 0.6725 0.3533333328125 0.6681250000000001 0.365 0.665625 0.3883333328125 0.659375 0.3983333328125 0.65625 0.41166666718749995
18 0.37124999999999997 0.9991666671875 0.5081249999999999 0.9991666671875 0.5325 0.9949999999999999 0.533125 0.9808333328125001 0.5387500000000001 0.9666666671874999 0.558125 0.8466666671875 0.563125 0.7866666671875 0.57625 0.7108333328125 0.5806250000000001 0.6408333328125 0.571875 0.5758333328125 0.57625 0.5283333328125 0.5756249999999999 0.5166666671875 0.571875 0.5091666671875 0.561875 0.5 0.533125 0.4883333328125 0.48312499999999997 0.47416666718749995 0.460625 0.4725 0.43499999999999994 0.47583333281250006 0.414375 0.4858333328125 0.40750000000000003 0.5016666671875 0.403125 0.5808333328125 0.388125 0.5958333328125 0.37124999999999997 0.65 0.368125 0.7224999999999999 0.36875 0.9475 0.366875 0.9666666671874999 0.36875 0.9949999999999999 0.37124999999999997 0.9991666671875
18 0.26687500000000003 0.9133333328125 0.27125 0.9266666671875001 0.28375 0.9425000000000001 0.3025 0.9550000000000001 0.325625 0.9616666671875 0.34187500000000004 0.96 0.36124999999999996 0.9491666671875001 0.365 0.9416666671874999 0.366875 0.9199999999999999 0.365625 0.8933333328125 0.36715375 0.7139825 0.36952375000000004 0.6678566671875 0.37616062499999997 0.6179083328125 0.387538125 0.59325 0.398915 0.5717533328125 0.4027075 0.5116891671875 0.409818125 0.4876633328125 0.4325 0.4733333328125 0.4375 0.46749999999999997 0.436875 0.4533333328125 0.418125 0.43916666718749997 0.37312500000000004 0.42833333281249997 0.32375 0.4291666671875 0.290625 0.43916666718749997 0.288125 0.4483333328125 0.286875 0.5075000000000001 0.268125 0.5425 0.26 0.5691666671875 0.25625 0.5933333328125 0.25625 0.65 0.27125 0.8108333328124999 0.265625 0.8766666671875001 0.26687500000000003 0.9133333328125
18 0.1825 0.6508333328125 0.183125 0.6958333328124999 0.18062499999999998 0.7 0.179375 0.7325 0.18062499999999998 0.7391666671875 0.1875 0.7483333328125 0.20625 0.7591666671875 0.2225 0.7625 0.226875 0.7541666671875 0.22937500000000002 0.7366666671875 0.22562500000000002 0.71 0.22562500000000002 0.6733333328125 0.221875 0.6291666671875 0.21812499999999999 0.6033333328125 0.215625 0.6 0.216875 0.5716666671875 0.20437500000000003 0.5208333328125 0.20437500000000003 0.5108333328125 0.210625 0.49916666718749997 0.21749999999999997 0.49749999999999994 0.21812499999999999 0.485 0.23536687500000003 0.4475516671875 0.241055625 0.3925458328125 0.26570625 0.3799 0.296045625 0.3830616671875 0.3050525 0.3805325 0.29794187499999997 0.3640941671875 0.252906875 0.35461 0.21375000000000002 0.3541666671875 0.193125 0.35750000000000004 0.184375 0.365 0.1825 0.3725 0.18562499999999998 0.4016666671875 0.16625 0.48 0.16875 0.5491666671875 0.1825 0.6508333328125
18 0.22730812500000003 0.4741066671875 0.214034375 0.5145716671875 0.2225 0.6108333328125 0.228125 0.6683333328125001 0.226875 0.6983333328125 0.23312499999999997 0.735 0.225 0.7833333328125 0.225 0.7983333328125 0.22875 0.8141666671875001 0.2375 0.8258333328124999 0.255 0.8383333328125 0.26375000000000004 0.8391666671875001 0.26749999999999996 0.8266666671875 0.268125 0.8066666671875 0.25625 0.6783333328125 0.25375000000000003 0.6075 0.264284375 0.5404941671875 0.28514249999999997 0.5069841671875001 0.28466874999999997 0.43996500000000005 0.315625 0.41916666718749995 0.349139375 0.42479083281249996 0.36573125 0.4216291671875 0.36810187499999997 0.40266166718749996 0.343925 0.3919133328125 0.301875 0.3866666671875 0.2652325 0.386855 0.24312499999999998 0.4 0.24125000000000002 0.40833333281249995 0.24 0.43499999999999994 0.2425 0.43916666718749997 0.24125000000000002 0.45083333281250004 0.22730812500000003 0.4741066671875
21 0.5706249999999999 0.7516666671875 0.5625 0.8041666671875 0.559375 0.8583333328125 0.55625 0.86 0.54875 0.9 0.54625 0.9508333328124999 0.5525 0.9583333328125001 0.585 0.9758333328125 0.6012500000000001 0.9800000000000001 0.61625 0.9791666671874999 0.6325000000000001 0.9708333328125001 0.63375 0.9666666671874999 0.645625 0.96 0.658125 0.945 0.665 0.9333333328125001 0.673125 0.9033333328125 0.67375 0.8858333328124999 0.6900000000000001 0.805 0.6956249999999999 0.79 0.709375 0.6883333328125001 0.724375 0.6158333328125 0.724375 0.595 0.71875 0.5633333328125001 0.721875 0.5525 0.725 0.4966666671875 0.7175 0.4875 0.7006249999999999 0.4783333328125 0.6575 0.4625 0.626875 0.4591666671875 0.5912499999999999 0.4625 0.583125 0.47083333281249995 0.58 0.48166666718749995 0.5775 0.5008333328125001 0.579375 0.5441666671875 0.569375 0.5908333328125 0.576875 0.6041666671875 0.5818749999999999 0.6641666671875 0.5743750000000001 0.7458333328125 0.5706249999999999 0.7516666671875
21 0.45437500000000003 0.47000000000000003 0.49000000000000005 0.4733333328125 0.51375 0.48 0.5493750000000001 0.49083333281249997 0.5700000000000001 0.5025000000000001 0.5756249999999999 0.495 0.58 0.4691666671875 0.5875 0.4575 0.5875 0.4458333328125 0.58125 0.43666666718749997 0.5675 0.42750000000000005 0.5431250000000001 0.41916666718749995 0.49625 0.4158333328125 0.465 0.4225 0.45562500000000006 0.43499999999999994 0.45875000000000005 0.43583333281250003 0.46125 0.44166666718750003 0.459375 0.46333333281250005 0.45437500000000003 0.47000000000000003
21 0.44000000000000006 0.4533333328125 0.44375 0.46749999999999997 0.45375 0.4683333328125 0.4575 0.4625 0.459375 0.44666666718750003 0.4575 0.4375 0.45999999999999996 0.425 0.469375 0.41916666718749995 0.49625 0.41333333281250006 0.501875 0.4033333328125 0.48687500000000006 0.3916666671875 0.426875 0.38 0.40374999999999994 0.385 0.395 0.3916666671875 0.39125 0.41500000000000004 0.390625 0.42416666718749996 0.393125 0.42750000000000005 0.4325 0.4441666671875 0.44000000000000006 0.4533333328125
21 0.37124999999999997 0.4233333328125 0.385625 0.42083333281249996 0.395625 0.38416666718750003 0.41624999999999995 0.3808333328125 0.42437500000000006 0.37333333281250003 0.415625 0.365 0.40437500000000004 0.3608333328125 0.36312500000000003 0.3541666671875 0.335625 0.3566666671875 0.325625 0.36583333281249997 0.325 0.38166666718750003 0.32687499999999997 0.385 0.366875 0.4066666671875 0.37124999999999997 0.4233333328125
31 0.9370087500000001 0.5119333328125 0.931410625 0.5412016671875 0.921781875 0.5800266671875 0.9302906249999999 0.5839091671875 0.946189375 0.5794291671875 0.98067375 0.5537449999999999 0.9903025 0.5450841671875 0.999375 0.53493 0.999375 0.47729 0.9934375 0.47519916718750005 0.971940625 0.4731083328125 0.953355 0.46583583281249996 0.9439500000000001 0.47997750000000006 0.939248125 0.5002858328124999 0.9370087500000001 0.5119333328125
31 0.9340975 0.6366625 0.9522356249999999 0.6378566671875 0.95940125 0.6390516671875 0.960744375 0.6229241671875 0.9688056250000001 0.6059008328125 0.982465 0.5858908328125 0.999259375 0.5596091671875 0.999375 0.5363141671875 0.98045 0.5518441671875001 0.963879375 0.5655825 0.939248125 0.5823075 0.9293950000000001 0.5826058328125 0.9214456249999999 0.5800366671875 0.9175274999999999 0.6100816671875 0.912825 0.6280008328125 0.921781875 0.6339741671875 0.9340975 0.6366625
31 0.90946625 0.6746541671874999 0.9309625 0.6770433328125 0.9414868750000001 0.6689791671875 0.9553706249999999 0.6567341671875 0.97238875 0.6373216671875 0.9891831249999999 0.6202983328125 0.999375 0.6116375 0.999259375 0.5862525 0.9920937500000001 0.5784875 0.98851125 0.5793833328125 0.9797781249999999 0.5895374999999999 0.9726125 0.5993933328125001 0.959625 0.6262716671875 0.9589531250000001 0.6403083328125 0.9426068750000001 0.6406075 0.92715625 0.6349325 0.91819875 0.632245 0.91276875 0.6278075000000001 0.908794375 0.638815 0.906555 0.6483725 0.9049875000000001 0.6642008328125 0.90946625 0.6746541671874999
14 0.82359125 0.9591733328125001 0.8341156249999999 0.9379691671874999 0.8446400000000001 0.9149725 0.8571799999999999 0.8979491671875 0.875541875 0.8824191671875001 0.8815875 0.8773424999999999 0.8753175000000001 0.87346 0.87352625 0.8704733328125001 0.868151875 0.8776408328124999 0.858299375 0.8919766671874999 0.843520625 0.907805 0.8309806249999999 0.9275158328125 0.82359125 0.9469283328125 0.8209043749999999 0.9585758328124999 0.813515 0.9576800000000001 0.777239375 0.9302041671874999 0.7615643750000001 0.9439425 0.7723125 0.9532 0.784404375 0.9639516671875 0.795825 0.9693275 0.8034381249999999 0.9815725000000001 0.8145225 0.9857116671874999 0.819336875 0.9848575 0.819336875 0.9770925 0.819784375 0.9696266671875 0.82359125 0.9591733328125001
14 0.848223125 0.9024291671875 0.872295 0.8708616671874999 0.8839387500000001 0.8571233328125001 0.8955825000000001 0.8430866671875 0.8955825000000001 0.8350233328125001 0.888865 0.8281541671875001 0.87766875 0.8227783328125 0.778023125 0.9222300000000001 0.775895625 0.9293575000000001 0.8182168750000001 0.9585758328124999 0.8222474999999999 0.9463316671875001 0.8267262499999999 0.9239324999999999 0.848223125 0.9024291671875