53 0.6271875 0.20637083281250002 0.6296875 0.2913966671875 0.5846875 0.4764516671875 0.5259375000000001 0.6698425 0.5134375 0.721525 0.725 0.8233333328124999 0.7546875 0.5914858328125 0.8371875 0.33641 0.8596875 0.24638333281250002 0.6271875 0.20637083281250002
53 0.7559375 0.1763625 0.7559375 0.1780291671875 0.7409375 0.2163741671875 0.8621874999999999 0.24138166718749998 0.8309374999999999 0.39642750000000004 0.7784375 0.5281333328125 0.7496875000000001 0.6014891671875 0.7446875000000001 0.71819 0.7609375 0.7198575 0.7671875 0.7045833328125 0.7646875 0.656505 0.9484375 0.2313783328125 0.8371875 0.1997025 0.7559375 0.1763625
53 0.8634375000000001 0.186365 0.9446875 0.22804416718749998 0.9009375000000001 0.3514141671875 0.8271875 0.5314683328124999 0.8009375000000001 0.6181608328125 0.7834375 0.6498366671875 0.8296875 0.6765116671875 0.853125 0.6754166671874999 0.8571875 0.598155 0.9321875000000001 0.32474 0.9684375 0.21470666718750003 0.8634375000000001 0.186365
46 0.33968750000000003 0.059660832812499995 0.3096875 0.2080383328125 0.27218749999999997 0.4797858328125 0.2509375 0.6465025 0.5071875 0.8248891671875 0.5 0.8066666671875 0.5621875000000001 0.0063116671875 0.5071875 0.007978332812499999 0.4496875 0.0346533328125 0.33968750000000003 0.059660832812499995
46 0.5084375 0.7131891671874999 0.6321875 0.22804416718749998 0.6859375 0.20970583281250002 0.7046875 0.1275 0.5584374999999999 0.1163441671875 0.5409375 0.2963983328125 0.5171875 0.5247991671875 0.5084375 0.7131891671874999
46 0.6971875 0.2080383328125 0.7246875 0.22637749999999998 0.7421875 0.1663591671875 0.7696875000000001 0.036320832812499995 0.6334375 0.06632916718750001 0.5609375 0.0379166671875 0.5721875 0.11301000000000001 0.7046875 0.1196783328125 0.6971875 0.2080383328125
20 0.2671875 0.4879166671875 0.3159375 0.1446858328125 0.1821875 0.42476916718749996 0.2671875 0.4879166671875
57 0.059687500000000004 0.0913366671875 0.0484375 0.1546891671875 0.0384375 0.2730575 0.025937500000000002 0.31640416718750003 0 0.374755 0.0034375000000000005 0.43810666718749997 0.0521875 0.4931233328125 0.0859375 0.49000000000000005 0.16593750000000002 0.2680558328125 0.1721875 0.0613283328125 0.07718749999999999 0.031319167187500004 0.059687500000000004 0.0913366671875
57 0.1521875 0.3630841671875 0.1221875 0.3997625 0.1471875 0.42143499999999995 0.1759375 0.4264366671875 0.2384375 0.32474 0.24718749999999998 0.163025 0.2759375 0.07466500000000001 0.275 0.048333332812500004 0.1684375 0.0346533328125 0.1746875 0.0880025 0.1696875 0.1930341671875 0.1521875 0.3630841671875
57 0.2584375 0.2713908328125 0.2859375 0.23471250000000002 0.3146875 0.13635 0.2984375 0.054583332812499996 0.2609375 0.1413516671875 0.24718749999999998 0.2213758328125 0.2584375 0.2713908328125
24 0.0059375 0.35808333281250004 0.0421875 0.3013991671875 0.0496875 0.2163741671875 0.050937500000000004 0.11301000000000001 0.0459375 0.0980058328125 0.0453125 0.04 0.0009375 0.0779991671875 0.0046875 0.15302166718750002 0.0059375 0.35808333281250004