18 0.133305 0.42515749999999997 0.134951875 0.46379083281250005 0.11617875 0.5059366671875 0.11947250000000001 0.5776391671875001 0.138574375 0.7348075 0.13034062500000002 0.7795875 0.146149375 0.816505 0.20411562499999997 0.8279191671874999 0.20773812500000002 0.7831391671875 0.18863625 0.5737924999999999 0.214325625 0.5009158328125001 0.21399625000000003 0.4355025 0.23902687500000003 0.42189249999999995 0.26842125 0.42003250000000003 0.2640575 0.4054016671875 0.202798125 0.3878408328125 0.138574375 0.3953041671875 0.133305 0.42515749999999997
18 0.275914375 0.8695458328125 0.265045625 0.7356458328125 0.26076375 0.6273766671875001 0.277560625 0.5672308328125 0.290405625 0.5483533328125 0.290405625 0.47687416718750003 0.320705625 0.458435 0.35693437499999997 0.4601908328125 0.353970625 0.4448258328125 0.333550625 0.42946 0.288429375 0.41804583281249996 0.25253000000000003 0.42068000000000005 0.232769375 0.42550916718750004 0.21399625000000003 0.44306916718749995 0.214984375 0.4957516671875 0.195881875 0.5506291671875 0.191270625 0.5940066671875 0.19687 0.6769816671875 0.20378625 0.7474816671875 0.20872625 0.7843591671875 0.20378625 0.8256841671874999 0.20773812500000002 0.8748141671875 0.243308125 0.9002775 0.270644375 0.9007166671875 0.275914375 0.8695458328125
18 0.39448062500000003 0.98271 0.40600812499999994 0.6647991671875 0.4241225 0.5949958328125 0.4290625 0.5647033328125 0.434331875 0.5107041671875 0.444541875 0.5071916671875 0.444541875 0.4839091671875 0.41457125 0.4672258328125 0.358910625 0.45712833281250004 0.316424375 0.45976249999999996 0.290735 0.4760066671875 0.2894175 0.5041033328125 0.2867825 0.5440541671875 0.27031499999999997 0.5989316671875 0.25944687499999997 0.664345 0.26833874999999996 0.8179491671875001 0.27294999999999997 0.8816066671874999 0.26842125 0.9327233328125001 0.280525 0.9901733328125 0.31115499999999996 0.9991666671875 0.38789375000000004 0.9991666671875 0.39448062500000003 0.98271
18 0.593326875 0.6167175 0.59727875 0.5425233328125 0.577846875 0.5196941671875 0.5370075 0.5043283328125 0.49913187499999995 0.4951091671875 0.456975 0.5008166671875001 0.4302975 0.5166208328125 0.42469875 0.58423 0.406584375 0.6518383328125 0.395715625 0.711135 0.396374375 0.91001 0.391105 0.9991424999999999 0.54128875 0.9991666671875 0.566649375 0.9983850000000001 0.600901875 0.6377900000000001 0.593326875 0.6167175
21 0.5923387499999999 0.6137483328125 0.600901875 0.6361383328125 0.5692837500000001 0.960945 0.600243125 0.9793833328125 0.64305875 0.9646800000000001 0.67862875 0.8479016671874999 0.7069525 0.5750008328125 0.7148575 0.5148558328124999 0.6970725 0.4933441671875 0.62132125 0.4735883328125 0.575541875 0.47841750000000005 0.5693662500000001 0.5138983328125 0.576529375 0.5193591671875 0.59727875 0.5395541671874999 0.5923387499999999 0.6137483328125
1 0.68867375 0.7613675 0.7150218749999999 0.5581025000000001 0.71601 0.5032941671875 0.6893325 0.4659775 0.687026875 0.44929500000000006 0.6942725000000001 0.4484166671875 0.69756625 0.41768583281250005 0.676816875 0.4053933328125 0.6481637499999999 0.4128566671875 0.64948125 0.45105083281249997 0.6253562500000001 0.47218 0.692296875 0.49181083281250004 0.712386875 0.512005 0.68867375 0.7613675
1 0.58196375 0.47574750000000005 0.613581875 0.47047916718750005 0.586245625 0.43755249999999996 0.5865750000000001 0.41999166718750003 0.59349125 0.42043083281250004 0.5944793749999999 0.39409 0.569778125 0.3831141671875 0.55364 0.3831141671875 0.5500168750000001 0.4116508328125 0.5546274999999999 0.41472416718750005 0.55528625 0.427455 0.534784375 0.4430875 0.56286125 0.4546741671875 0.5704368750000001 0.4713566671875 0.58196375 0.47574750000000005
1 0.535360625 0.4458941671875 0.5320674999999999 0.4331625 0.514611875 0.4151625 0.513953125 0.4019925 0.520210625 0.39804083281249997 0.521528125 0.37170000000000003 0.513294375 0.36423666718750003 0.480688125 0.36423666718750003 0.479700625 0.387505 0.48332312499999996 0.3927725 0.48332312499999996 0.40550416718750004 0.46479687500000005 0.4178375 0.48035875 0.4393091671875 0.5014375 0.43755249999999996 0.535360625 0.4458941671875
1 0.43877812499999996 0.39233416718749997 0.43680250000000004 0.3756508328125 0.44338937500000003 0.37609 0.44306 0.34843250000000003 0.407819375 0.34843250000000003 0.40551375 0.3734558328125 0.41045437500000004 0.3752125 0.40946625000000003 0.3848708328125 0.38410625 0.4068591671875 0.40814874999999995 0.4076991671875 0.46051562500000004 0.41779666718749997 0.43877812499999996 0.39233416718749997
9 0.7176568750000001 0.5045341671875 0.684063125 0.8070875 0.7127162499999999 0.7715266671875 0.7384056250000001 0.6222941671875 0.739723125 0.5735633328125 0.7545443749999999 0.47814833281249997 0.733465625 0.42985666718750004 0.739723125 0.38771083281249996 0.70086 0.37937 0.69493125 0.41344583281249997 0.695919375 0.4180483328125 0.6899912500000001 0.4650225 0.7176568750000001 0.5045341671875
9 0.645199375 0.4255975 0.65573875 0.41154916718749995 0.660349375 0.3689641671875 0.622145 0.36633 0.618521875 0.41111000000000003 0.5915975 0.4414408328125 0.619180625 0.4743283328125 0.6488225 0.45018250000000004 0.645199375 0.4255975
9 0.5915975 0.3870975 0.591515 0.3505258328125 0.5608856249999999 0.3478916671875 0.555615625 0.37994 0.5915975 0.3870975
51 0.7921725000000001 0.3826925 0.797441875 0.3532783328125 0.764506875 0.3462541671875 0.759566875 0.3866441671875 0.734206875 0.421765 0.75100375 0.42922833281250006 0.74705125 0.4652275 0.755285 0.4841058328125 0.741123125 0.5789333328125 0.739146875 0.6237133328125 0.725808125 0.7054708328125 0.7536381249999999 0.7137116671875 0.7743875 0.6921999999999999 0.808969375 0.4362525 0.7921725000000001 0.3826925
51 0.71543375 0.3812383328125 0.7127987499999999 0.3711408328125 0.7177393750000001 0.3390925 0.689415 0.3351416671875 0.6880975 0.3628 0.660349375 0.4074075 0.69369625 0.41635999999999995 0.7006125 0.3794825 0.71543375 0.3812383328125
51 0.602713125 0.42601833281249996 0.6168750000000001 0.4080183328125 0.6208275000000001 0.3676291671875 0.6419056249999999 0.3676291671875 0.636306875 0.35841 0.64157625 0.3281175 0.611935 0.32767833281250003 0.608970625 0.3522633328125 0.5920093750000001 0.3772175 0.592503125 0.3816775 0.5944793749999999 0.41065250000000003 0.602713125 0.42601833281249996
51 0.55018125 0.4031891671875 0.5587443750000001 0.34919 0.575541875 0.3465558328125 0.5791643750000001 0.31362999999999996 0.5478762500000001 0.3140691671875 0.5478762500000001 0.342605 0.522845625 0.3744725 0.5159287499999999 0.41065250000000003 0.527785625 0.42953083281250004 0.55018125 0.4031891671875
30 0.77768125 0.6763783328125 0.82025 0.6640166671875 0.8502206250000001 0.43967916718750005 0.805758125 0.44933750000000006 0.77768125 0.6763783328125
31 0.9089275000000001 0.4701691671875 0.850961875 0.45077249999999996 0.8338356250000001 0.5606066671875001 0.8470093750000001 0.5584116671875 0.9089275000000001 0.4701691671875
31 0.825601875 0.6062649999999999 0.855901875 0.6203133328125 0.89443625 0.5114366671874999 0.883485 0.505115 0.8503031249999999 0.5566558328125 0.8354825 0.5619241671874999 0.825601875 0.6062649999999999
31 0.822308125 0.641825 0.8400931249999999 0.6448983328125 0.8977293749999999 0.565875 0.87978 0.5517733328125 0.8611718749999999 0.6093375 0.827248125 0.6049475 0.822308125 0.641825
24 0.2557525 0 0.272591875 0.0967408328125 0.234176875 0.1522583328125 0.6079825 0.1565991671875 0.56728625 0 0.2557525 0
24 0.1624325 0 0.1582225 0.0387525 0.137173125 0.093935 0.1197757671875 0.1626772765625 0.234703125 0.15379333281250002 0.271890625 0.095805 0.2557525 0 0.1624325 0
24 0.07262125 0 0.0775325 0.1004816671875 0.04245 0.1547283328125 0.11893000000000001 0.1734341671875 0.13366499999999998 0.1042225 0.158924375 0.0378175 0.15331125 0 0.07262125 0
57 0.5609712499999999 0 0.611315 0.160445 0.66481625 0.17624 0.617805625 0 0.5609712499999999 0
46 0.716036875 0 0.7202468750000001 0.11638166718750001 0.736735625 0.1978658328125 0.833914375 0.2286158328125 0.831809375 0.1191875 0.8051468749999999 0 0.716036875 0
46 0.615700625 0 0.6360481250000001 0.062134999999999996 0.663939375 0.1779858328125 0.74129625 0.1958808328125 0.716036875 0.08738749999999999 0.71463375 0 0.615700625 0
42 0.199375 0.9991666671875 0.11937500000000001 0.9066666671875 0.080625 0.9275 0.078125 0.9308333328125 0.078125 0.9433333328125 0.081875 0.9991666671875 0.199375 0.9991666671875
14 0.7625 0.8975 0.778125 0.8541666671874999 0.790625 0.8383333328125 0.790625 0.8308333328125 0.7675 0.8616666671875001 0.7274143750000001 0.9339716671874999 0.7476518750000001 0.9469883328125 0.75368 0.9473716671875 0.754685 0.9286116671875 0.7625 0.8975
17 0.70978875 0.9991666671875 0.72114375 0.9831475 0.73274 0.9628483328125 0.7431281249999999 0.9515708328124999 0.746026875 0.9464158328125001 0.7274849999999999 0.9354333328125 0.7267 0.93546 0.686354375 0.9991666671875 0.70978875 0.9991666671875