30 0.9946875000000001 0.9032458328124999 0.999375 0.5147966671875001 0.9384375 0.5147966671875001 0.8771875 0.8465616671875 0.9621875 0.9049125 0.9946875000000001 0.9032458328124999
30 0.8934374999999999 0.80655 0.9371875 0.5197983328125 0.999375 0.5231325 0.9984375 0.47125000000000006 0.9159375000000001 0.4764516671875 0.8709374999999999 0.77154 0.8709374999999999 0.7865441671875 0.8934374999999999 0.80655
10 0.9146875 0.4564458328125 0.8921875 0.4064308328125 0.9021874999999999 0.3514141671875 0.8534375000000001 0.3380766671875 0.8434375 0.3780891671875 0.8221875000000001 0.40476333281250004 0.7759375000000001 0.4631141671875 0.7696875000000001 0.5398041671875 0.7746875 0.6248291671875 0.7421875 0.8148858328124999 0.7696875000000001 0.8799049999999999 0.8659375 0.868235 0.86875 0.8504166671875 0.8659375 0.8098841671875 0.8996875 0.5831500000000001 0.9146875 0.5598099999999999 0.9146875 0.4564458328125
10 0.7834375 0.35975 0.7496875000000001 0.39476083281249996 0.7334375 0.4264366671875 0.7559375 0.4414408328125 0.7546875 0.5047933328124999 0.7821875 0.5348025 0.7871875 0.4564458328125 0.828125 0.3858333328125 0.8184374999999999 0.3647516671875 0.8259375 0.3347425 0.7859375 0.31973833281249997 0.7834375 0.35975
10 0.6621875 0.45144416718749997 0.6784375 0.409765 0.7134375000000001 0.41643416718750004 0.7159375 0.4264366671875 0.7446875000000001 0.39476083281249996 0.7434375 0.3530816671875 0.746875 0.31916666718750003 0.7159375 0.31640416718750003 0.6946875 0.34474583281250004 0.6584375 0.4297708328125 0.6621875 0.45144416718749997
10 0.6534375 0.45978 0.6909375 0.34808 0.7146874999999999 0.3280741671875 0.7125 0.2983333328125 0.6946875 0.2947308328125 0.6859375 0.33641 0.6396875 0.42143499999999995 0.6534375 0.45978
21 0.3934375 0.5014591671875 0.3884375 0.44810999999999995 0.3834375 0.4264366671875 0.24718749999999998 0.41810083281250005 0.2459375 0.4931233328125 0.21218750000000003 0.5514741671875 0.2396875 0.8165533328125001 0.2496875 0.8915758328125 0.3546875 0.8932425 0.3959375 0.8498966671874999 0.3921875 0.8462500000000001 0.3959375 0.8265558328125 0.38093750000000004 0.7265258328125 0.40843749999999995 0.54814 0.3934375 0.5014591671875
18 0.2071875 0.409765 0.1984375 0.3764216671875 0.10593749999999999 0.3764216671875 0.06218749999999999 0.39476083281249996 0.0609375 0.43810666718749997 0.0696875 0.45978 0.0421875 0.5131291671875 0.0421875 0.6264966671875001 0.0759375 0.8532308328125 0.1209375 0.8749041671875 0.196875 0.8545833328124999 0.2296875 0.8165533328125001 0.2109375 0.5431383328125 0.2359375 0.4897891671875 0.2071875 0.409765
21 0.3896875 0.35975 0.4109375 0.34208333281250003 0.3359375 0.3380766671875 0.3309375 0.3430783328125 0.3896875 0.35975
21 0.30593750000000003 0.39642750000000004 0.4046875 0.4014291671875 0.3953125 0.36291666718750004 0.3109375 0.374755 0.2784375 0.3797558328125 0.30593750000000003 0.39642750000000004
18 0.2209375 0.374755 0.2184375 0.3647516671875 0.1734375 0.34208333281250003 0.12593749999999998 0.35975 0.1359375 0.37142 0.19718750000000002 0.39309333281250003 0.2209375 0.374755
18 0.20812499999999998 0.3718416671875 0.27937500000000004 0.3818441671875 0.296875 0.31849249999999996 0.240625 0.3170833328125 0.21187499999999998 0.3234933328125 0.179375 0.3501683328125 0.20812499999999998 0.3718416671875
1 0.40625 0.635 0.40750000000000003 0.6766666671875 0.40062499999999995 0.7883333328125001 0.4025 0.8008333328124999 0.40875000000000006 0.8158333328125 0.41937499999999994 0.8216666671875 0.41937499999999994 0.825 0.40875000000000006 0.8291666671875 0.40625 0.8366666671875 0.41187500000000005 0.8491666671875 0.4225 0.8616666671875001 0.45062499999999994 0.8758333328125 0.46624999999999994 0.8766666671875001 0.484375 0.8641666671875001 0.496875 0.8491666671875 0.5037499999999999 0.8358333328124999 0.51125 0.7966666671875 0.515625 0.7366666671875 0.514375 0.6566666671875 0.5075000000000001 0.6083333328125 0.499375 0.5841666671875 0.499375 0.5683333328125 0.5125 0.5291666671875 0.51 0.4625 0.5 0.42750000000000005 0.501875 0.40416666718750005 0.48687500000000006 0.3708333328125 0.48250000000000004 0.355 0.48125 0.33999999999999997 0.47125000000000006 0.3375 0.465625 0.3308333328125 0.46375 0.3341666671875 0.4575 0.3358333328125 0.45062499999999994 0.3458333328125 0.44125 0.3525 0.43937499999999996 0.3825 0.44312500000000005 0.39 0.44312500000000005 0.3975 0.43937499999999996 0.4141666671875 0.43062500000000004 0.4291666671875 0.41937499999999994 0.4375 0.41375 0.4516666671875 0.410625 0.46749999999999997 0.415625 0.5641666671875 0.40812499999999996 0.6083333328125 0.409375 0.6216666671875 0.40625 0.635
9 0.5334375 0.4564458328125 0.5221875 0.8582325000000001 0.6359375 0.8749041671875 0.65625 0.48375 0.6171875 0.41810083281250005 0.6384375 0.3514141671875 0.5771875 0.3414116671875 0.5334375 0.4564458328125
0 0.7546875 0.486455 0.7521875 0.43477249999999995 0.7084374999999999 0.4281041671875 0.7084374999999999 0.48812166718750005 0.6796875 0.509795 0.6471875 0.756535 0.6646875 0.8382258328125 0.7390625 0.8191666671875 0.7796875 0.5381366671875 0.7634375 0.521465 0.7546875 0.486455
0 0.6734375 0.521465 0.6946875 0.48478750000000004 0.7071875000000001 0.4464425 0.7109375 0.409765 0.6859375 0.4066666671875 0.6634375 0.46144749999999995 0.6509375000000001 0.47145000000000004 0.6734375 0.521465