15 0 0.835 0.01625 0.8533333328125 0.035625000000000004 0.8625 0.057499999999999996 0.8633333328124999 0.080625 0.8574999999999999 0.10625 0.8408333328125 0.12125 0.8150000000000001 0.1375 0.7566666671875 0.135625 0.7375 0.123125 0.7166666671875 0.103125 0.7008333328125 0.08375 0.6950000000000001 0.06625 0.6950000000000001 0.03625 0.705 0.015625 0.7208333328125 0.0043749999999999995 0.7366666671875 0 0.7483333328125 0 0.835
35 0.42374999999999996 0.43499999999999994 0.43 0.42000000000000004 0.448125 0.3466666671875 0.46312499999999995 0.24583333281250003 0.46125 0.23500000000000001 0.45062499999999994 0.2266666671875 0.41375 0.2125 0.40499999999999997 0.21833333281249998 0.39249999999999996 0.255 0.359375 0.4016666671875 0.36 0.4158333328125 0.37625000000000003 0.42833333281249997 0.39875 0.43499999999999994 0.42374999999999996 0.43499999999999994
42 0.11000000000000001 0 0.07062500000000001 0.3183333328125 0.068125 0.355 0.076875 0.3691666671875 0.0725 0.4033333328125 0.07625 0.4158333328125 0.18937500000000002 0.45083333281250004 0.20375000000000001 0.4533333328125 0.21187499999999998 0.45083333281250004 0.240625 0.325 0.258125 0.2158333328125 0.27937500000000004 0.0616666671875 0.28312499999999996 0 0.11000000000000001 0
41 0.336875 0.4591666671875 0.344375 0.4575 0.36625 0.3725 0.41375 0.1508333328125 0.4125 0.13916666718749998 0.395 0.1241666671875 0.39249999999999996 0.1108333328125 0.3875 0.10333333281249998 0.361875 0.0908333328125 0.304375 0.0841666671875 0.29500000000000004 0.0775 0.28875 0.0791666671875 0.284375 0.0858333328125 0.22937500000000002 0.41166666718749995 0.22875 0.42000000000000004 0.23125 0.4233333328125 0.254375 0.43333333281249997 0.336875 0.4591666671875
30 0.911875 0 0.8787499999999999 0.08333333281250001 0.88125 0.0983333328125 0.974375 0.1641666671875 0.999375 0.1775 0.999375 0 0.911875 0
10 0.775625 0 0.774375 0.0033333328125 0.7725 0.0166666671875 0.783125 0.030833332812499996 0.8162499999999999 0.05 0.853125 0.0816666671875 0.869375 0.0858333328125 0.88125 0.058333332812500006 0.896875 0 0.775625 0
28 0.603125 0.8116666671875 0.6168750000000001 0.8116666671875 0.6275000000000001 0.8066666671875 0.653125 0.7716666671875 0.651875 0.75 0.64375 0.7366666671875 0.623125 0.7183333328125 0.6068749999999999 0.71 0.591875 0.7083333328125 0.58 0.7133333328125 0.5725 0.7258333328125001 0.5700000000000001 0.7408333328125 0.56875 0.7675 0.573125 0.7825 0.5875 0.8025 0.603125 0.8116666671875
28 0.56375 0.8400000000000001 0.5756249999999999 0.8508333328125 0.6068749999999999 0.8525 0.60875 0.8433333328125 0.635625 0.8099999999999999 0.635625 0.7983333328125 0.629375 0.7983333328125 0.61625 0.8108333328124999 0.604375 0.8116666671875 0.57625 0.7775000000000001 0.57125 0.7625 0.5700000000000001 0.7416666671875001 0.5525 0.7408333328125 0.55125 0.7433333328125 0.545625 0.7983333328125 0.545625 0.8058333328125 0.55125 0.8183333328125 0.56375 0.8400000000000001
28 0.565625 0.8783333328125 0.58375 0.8758333328125 0.609375 0.8525 0.6075 0.8441666671875 0.5962500000000001 0.8466666671875 0.569375 0.8433333328125 0.545 0.7975 0.540625 0.7966666671875 0.53625 0.805 0.5325 0.8258333328124999 0.535625 0.8491666671875 0.5525 0.8733333328124999 0.565625 0.8783333328125
29 0.6575 0.7441666671875 0.6725 0.7166666671875 0.671875 0.7025 0.66625 0.6866666671874999 0.6537499999999999 0.6758333328125 0.61875 0.6675 0.6131249999999999 0.6691666671875 0.61 0.6783333328125 0.6131249999999999 0.7108333328125 0.650625 0.7458333328125 0.6537499999999999 0.7583333328124999 0.6575 0.7441666671875
49 0.765625 0.8216666671875 0.766875 0.8175000000000001 0.755 0.7916666671875 0.723125 0.7783333328125 0.658125 0.7691666671874999 0.6431250000000001 0.7908333328125 0.6425 0.7966666671875 0.6487499999999999 0.8 0.759375 0.8225 0.765625 0.8216666671875
17 0.61125 0.5441666671875 0.704375 0.5758333328125 0.7424999999999999 0.5841666671875 0.748125 0.5841666671875 0.750625 0.58 0.748125 0.5591666671875 0.728125 0.5358333328125 0.55625 0.4566666671875 0.548125 0.4591666671875 0.536875 0.4891666671875 0.533125 0.5066666671875 0.540625 0.5141666671875 0.5549999999999999 0.5208333328125 0.61125 0.5441666671875
17 0.74375 0.5366666671875 0.7625 0.5333333328125 0.765 0.5291666671875 0.764375 0.5016666671875 0.7581249999999999 0.48666666718749996 0.720625 0.4408333328125 0.7056250000000001 0.43583333281250003 0.70125 0.43 0.67375 0.4158333328125 0.666875 0.4183333328125 0.596875 0.38166666718750003 0.585 0.38166666718750003 0.569375 0.39 0.564375 0.3983333328125 0.5599999999999999 0.4225 0.55375 0.43916666718749997 0.5549999999999999 0.45 0.571875 0.46333333281250005 0.7175 0.5291666671875 0.74375 0.5366666671875
17 0.5962500000000001 0.3808333328125 0.62625 0.3975 0.655 0.40833333281249995 0.658125 0.4125 0.67375 0.4158333328125 0.6743750000000001 0.41 0.66125 0.375 0.6425 0.3625 0.588125 0.3391666671875 0.58375 0.33999999999999997 0.57875 0.3491666671875 0.5700000000000001 0.38 0.5706249999999999 0.3858333328125 0.5806250000000001 0.3775 0.5962500000000001 0.3808333328125
14 0.73125 0.4483333328125 0.74 0.4575 0.74125 0.4516666671875 0.755625 0.45 0.7693749999999999 0.45499999999999996 0.798125 0.4583333328125 0.80375 0.45499999999999996 0.803125 0.44666666718750003 0.779375 0.4233333328125 0.6956249999999999 0.37666666718749997 0.6775 0.3708333328125 0.6675 0.3725 0.665625 0.3825 0.6743750000000001 0.4058333328125 0.6875 0.42000000000000004 0.73125 0.4483333328125
14 0.774061875 0.5349524999999999 0.76323125 0.5374058328125 0.756079375 0.5393133328124999 0.766875 0.5566666671875 0.7737499999999999 0.5616666671874999 0.79875 0.5650000000000001 0.818125 0.5758333328125 0.819375 0.58 0.835625 0.58 0.8568749999999999 0.5908333328125 0.9 0.5983333328125 0.9081250000000001 0.5991666671875 0.914375 0.5958333328125 0.946875 0.5974999999999999 0.9550000000000001 0.5883333328125 0.9556250000000001 0.5783333328125 0.946875 0.5599999999999999 0.9075 0.5158333328125 0.890625 0.5041666671875 0.8768750000000001 0.4891666671875 0.8706250000000001 0.4891666671875 0.8106249999999999 0.4641666671875 0.8006249999999999 0.46333333281250005 0.759961875 0.45455249999999997 0.737279375 0.4466491671875 0.7301275 0.4501916671875 0.752605625 0.4774458328125 0.7660925 0.50143 0.774675 0.5275941671875 0.774061875 0.5349524999999999
14 0.8800000000000001 0.6275000000000001 0.9025000000000001 0.6291666671875 0.91625 0.6258333328125001 0.9175000000000001 0.6133333328125 0.9075 0.5966666671875 0.86875 0.5900000000000001 0.85 0.5791666671875 0.845 0.5808333328125 0.8262499999999999 0.5716666671875 0.77125 0.5558333328125 0.763026875 0.5510325 0.75424 0.5420383328125 0.73830125 0.5376783328125 0.73441875 0.5382233328125 0.75546625 0.56684 0.754375 0.5866666671874999 0.76375 0.5958333328125 0.778125 0.6016666671875 0.8800000000000001 0.6275000000000001
19 0.43071374999999995 0.4721166671875 0.436745 0.5194533328125 0.43937499999999996 0.5208333328125 0.5175 0.5458333328125 0.525 0.53 0.57625 0.3566666671875 0.5856250000000001 0.3175 0.58375 0.31083333281250003 0.565625 0.2925 0.541654375 0.28195749999999997 0.542118125 0.2674166671875 0.50875 0.2525 0.5056406250000001 0.26206999999999997 0.48777875000000004 0.2580475 0.45512874999999997 0.3768508328125 0.43981875 0.44182249999999995 0.43071374999999995 0.4721166671875
19 0.5045499999999999 0.2649816671875 0.505495625 0.2620116671875 0.50866 0.251825 0.54334875 0.26870916718750004 0.54071875 0.278795 0.541540625 0.2812075 0.559460625 0.2866891671875 0.5592962499999999 0.28208416718749996 0.555515 0.2660775 0.551075625 0.2662966671875 0.555679375 0.2535791671875 0.554856875 0.2478783328125 0.545979375 0.24108083281249998 0.5351287499999999 0.23603749999999998 0.52822375 0.23494166718749998 0.5247712499999999 0.2456858328125 0.49124999999999996 0.2316666671875 0.48187499999999994 0.2308333328125 0.44312500000000005 0.3716666671875 0.426875 0.44333333281250004 0.425431875 0.46016 0.432500625 0.4636683328125 0.487164375 0.25850333281250004 0.5045499999999999 0.2649816671875
26 0.4593625 0.8209675000000001 0.4744775 0.8310475 0.4880425 0.8351824999999999 0.5016075 0.8346658328125001 0.50974625 0.8315641671874999 0.51846625 0.8225183328125001 0.52524875 0.8080450000000001 0.5328062499999999 0.8044266671875 0.5393950000000001 0.7956391671875 0.543270625 0.77703 0.5390075000000001 0.7524775 0.526993125 0.73361 0.5149781250000001 0.7237883328125 0.50277 0.71526 0.491724375 0.7098325 0.47951625 0.70854 0.46788875 0.7082816671875001 0.4585875 0.7139675000000001 0.45219250000000005 0.719395 0.44560374999999997 0.7279241671875 0.44366625 0.7387791671875 0.44618562500000003 0.7496341671875 0.441728125 0.7607475 0.44109875 0.7729358328125 0.442115625 0.7873683328125 0.44773562499999997 0.8015833328124999 0.4593625 0.8209675000000001
26 0.42700062499999997 0.811405 0.427194375 0.8282041671875 0.43591499999999994 0.8483633328125 0.448316875 0.8636125 0.463238125 0.8721416671875 0.483004375 0.8739508328125 0.49560000000000004 0.86904 0.500444375 0.8638708328125 0.513234375 0.8468133328125 0.5159475 0.8455208328125 0.521760625 0.8362166671875 0.526605 0.8243275000000001 0.52641125 0.8194166671875 0.5262175 0.811405 0.521373125 0.8181241671875 0.516335 0.8266533328125 0.504708125 0.8346658328125001 0.49405 0.8344075 0.48203500000000005 0.8336316671875 0.462850625 0.8243275000000001 0.4529675 0.8106291671875001 0.44637937499999997 0.7966725 0.44192187499999996 0.7845258328125 0.44056562499999996 0.7672091671875 0.44182499999999997 0.7571100000000001 0.43552749999999996 0.7648825 0.43145812499999997 0.7739291671874999 0.428745 0.7894358328125 0.42700062499999997 0.811405
8 0.213645625 0.669935 0.22973 0.6756208328125 0.249495625 0.6779474999999999 0.262866875 0.6727783328125 0.273136875 0.6642491671874999 0.278950625 0.65572 0.28844625 0.6192783328125 0.28825249999999997 0.60565 0.2818575 0.59557 0.2682925 0.5823891671875 0.26054125 0.5764441671875 0.22256 0.5681741671875 0.211708125 0.5715341671874999 0.20434437499999997 0.5743766671875 0.197561875 0.5834225 0.192523125 0.5945358328125 0.1855475 0.6311508328125 0.18903562499999998 0.64228 0.1934925 0.654945 0.20105 0.6616641671875 0.213645625 0.669935
8 0.17931312500000002 0.6760241671875 0.18439125 0.6866908328125 0.194546875 0.6997283328125 0.209780625 0.7071775 0.22555437500000003 0.710395 0.23647187500000003 0.710395 0.24738937499999997 0.7081933328125001 0.259068125 0.7031141671875 0.26770062499999997 0.6956641671875 0.269985625 0.692955 0.279253125 0.656045 0.275698125 0.6604475 0.270620625 0.6663733328125 0.26275 0.6731458328125 0.24942000000000003 0.6780558328125 0.229743125 0.675685 0.21641375 0.6714525 0.20625812500000001 0.6650183328125 0.194198125 0.6570608328125 0.19051625 0.6480875 0.185153125 0.6331875 0.183756875 0.6380975 0.180075 0.6543516671875 0.177409375 0.6651875 0.17931312500000002 0.6760241671875
8 0.191024375 0.728615 0.21247875 0.7375883328125 0.233298125 0.7382658328125 0.245358125 0.7365725000000001 0.25487875 0.7316625 0.2626225 0.7242124999999999 0.269731875 0.6935666671875 0.26528874999999996 0.6971225 0.26148 0.7011858328125 0.2564025 0.7037258328125 0.248404375 0.70762 0.2397725 0.7089741671875001 0.225935 0.7093125 0.21032062499999998 0.7060958328125 0.197625625 0.70017 0.19000875 0.6906883328125 0.182963125 0.6809991671875 0.17991625 0.6742266671875 0.177091875 0.6654591671875 0.1707125 0.69526 0.173759375 0.70271 0.17998 0.7177783328125 0.191024375 0.728615
8 0.187025625 0.7580366671875 0.20099 0.7697191671875 0.22028562499999998 0.7700583328125 0.235011875 0.7687033328124999 0.24770625000000002 0.7598991671875 0.257608125 0.7517725000000001 0.262305625 0.7256975 0.25468875 0.7311158328125 0.24542125 0.7355183328125 0.22980687500000002 0.7375499999999999 0.215715625 0.7367033328125 0.206194375 0.7358566671875 0.19603874999999998 0.7323008328125 0.18601 0.724005 0.17991625 0.7167241671875 0.1756 0.7080891671875 0.170903125 0.6982541671875 0.167729375 0.7272216671875 0.17103 0.7372108328125 0.176361875 0.7477083328125 0.187025625 0.7580366671875
16 0.32171249999999996 0.8271008328124999 0.327775625 0.843275 0.33921 0.8594491671875 0.35584125 0.8714641671875001 0.372299375 0.8726200000000001 0.39135624999999996 0.8705399999999999 0.399845 0.8624533328125 0.40486875 0.8513624999999999 0.4138775 0.8213241671875 0.41058625 0.8282566671874999 0.399845 0.8374983328125 0.384253125 0.8446616671875 0.3660625 0.8391158328125 0.3473525 0.8277941671875 0.335745 0.8132375 0.33072124999999997 0.7977566671874999 0.32846875 0.7848175000000001 0.3246575 0.7871349999999999 0.31998000000000004 0.8021466671875 0.319633125 0.8125441671875 0.32171249999999996 0.8271008328124999
16 0.347871875 0.8296425 0.36173125 0.8391158328125 0.376976875 0.8405025 0.38685187499999996 0.838885 0.39932500000000004 0.8379608328125 0.408160625 0.8298733328125 0.41283812500000006 0.8220175 0.42305937499999996 0.793135 0.42635125 0.779965 0.422366875 0.7607866671875 0.413704375 0.7453058328125 0.402616875 0.7342150000000001 0.393261875 0.7300558328125 0.3794025 0.7256658328125 0.36866125 0.7254349999999999 0.35757374999999997 0.7300558328125 0.346139375 0.7395291671875001 0.338863125 0.7510825 0.328511875 0.7819616671875 0.33193375 0.8021466671875 0.337650625 0.8178583328125001 0.347871875 0.8296425
49 0.853931875 0.9069075 0.8748987500000001 0.8688525 0.8543637500000001 0.8391575 0.6430693749999999 0.8002166671875001 0.627398125 0.8443474999999999 0.639935625 0.8720233328125 0.853931875 0.9069075
49 0.8532831249999999 0.9077724999999999 0.642961875 0.8766366671875 0.62820875 0.8470508328124999 0.615509375 0.8685641671875001 0.628046875 0.9126733328125001 0.8379362499999999 0.9348725 0.8532831249999999 0.9077724999999999