49 0.18754125 0.5706058328125 0.190733125 0.5822866671875 0.378434375 0.9750708328125001 0.46366562499999997 0.9248841671875001 0.467336875 0.8234916671875 0.245000625 0.49141583281249995 0.190733125 0.49737666718750007 0.18754125 0.5706058328125
49 0.4742 0.9991666671875 0.4793075 0.9390666671875 0.46334625 0.91267 0.46143124999999996 0.9279975 0.38162625 0.9739783328125 0.190733125 0.5865116671874999 0.188818125 0.6529616671875 0.34587375 0.9991666671875 0.391203125 0.9991666671875 0.4742 0.9991666671875
49 0.46366562499999997 0.9177791671875 0.479626875 0.9390666671875 0.4751575 0.9756816671875 0.535170625 0.9382158328125 0.5338937500000001 0.853065 0.30086375 0.536305 0.28570125 0.5407566671875 0.47132687500000003 0.8155991671875 0.466858125 0.8947891671875 0.46366562499999997 0.9177791671875
49 0.298880625 0.5265141671875 0.296395 0.5319008328125 0.474519375 0.773875 0.510271875 0.8232625 0.52878625 0.8130441671874999 0.533255625 0.7364091671875 0.33725499999999997 0.49372999999999995 0.29128750000000003 0.5013866671875 0.29337562500000003 0.5099566671875 0.29894875 0.5182766671875 0.298880625 0.5265141671875
29 0.46187500000000004 0.6391666671875 0.478125 0.6341666671875 0.49124999999999996 0.6224999999999999 0.509375 0.5741666671875 0.51 0.5599999999999999 0.505625 0.5475 0.501875 0.5475 0.499375 0.5558333328125 0.49000000000000005 0.5666666671875 0.471875 0.5725 0.44000000000000006 0.5691666671875 0.41187500000000005 0.5433333328125001 0.40374999999999994 0.5475 0.401875 0.5533333328125 0.40125 0.5700000000000001 0.40499999999999997 0.5791666671875 0.45437500000000003 0.6358333328125 0.46187500000000004 0.6391666671875
29 0.425 0.5591666671875 0.44625000000000004 0.5675 0.47000000000000003 0.5700000000000001 0.48562500000000003 0.5658333328125 0.49812500000000004 0.5575 0.51375 0.505 0.51125 0.49416666718749996 0.505 0.4858333328125 0.489375 0.475 0.465625 0.4683333328125 0.43125 0.47000000000000003 0.40750000000000003 0.48250000000000004 0.4025 0.4933333328125 0.4025 0.5066666671875 0.41 0.5375 0.41624999999999995 0.55 0.425 0.5591666671875
28 0.185 0.45499999999999996 0.20437500000000003 0.4683333328125 0.22749999999999998 0.4733333328125 0.24874999999999997 0.4725 0.27 0.46666666718750005 0.275625 0.46166666718749994 0.284375 0.45083333281250004 0.28625 0.42083333281249996 0.29312499999999997 0.40083333281250005 0.290625 0.3916666671875 0.27625 0.3825 0.23875000000000002 0.3741666671875 0.19624999999999998 0.37666666718749997 0.181875 0.38166666718750003 0.17250000000000001 0.3916666671875 0.17250000000000001 0.4033333328125 0.175625 0.4066666671875 0.18375 0.44000000000000006 0.185 0.45499999999999996
28 0.258125 0.51 0.27 0.525 0.280625 0.53 0.28312499999999996 0.5383333328125001 0.294375 0.5366666671875 0.29562499999999997 0.5183333328125 0.290625 0.49749999999999994 0.296875 0.47416666718749995 0.294375 0.4533333328125 0.28312499999999996 0.45083333281250004 0.27937500000000004 0.4608333328125 0.27375 0.46666666718750005 0.240625 0.47416666718749995 0.20875 0.47000000000000003 0.18812500000000001 0.4566666671875 0.181875 0.4608333328125 0.18125 0.47416666718749995 0.18937500000000002 0.49416666718749996 0.21625 0.49583333281249997 0.258125 0.51
15 0.114375 0.3983333328125 0.128125 0.3866666671875 0.14937499999999998 0.37666666718749997 0.14625 0.355 0.146875 0.3375 0.138125 0.32999999999999996 0.091875 0.3291666671875 0.07125000000000001 0.3341666671875 0.06375 0.33999999999999997 0.06875 0.3866666671875 0.071875 0.39249999999999996 0.079375 0.3966666671875 0.114375 0.3983333328125
8 0.19875 0.3741666671875 0.2375 0.3716666671875 0.236875 0.3416666671875 0.22937500000000002 0.3333333328125 0.203125 0.3308333328125 0.169375 0.3391666671875 0.1675 0.35 0.16999999999999998 0.37666666718749997 0.18375 0.3783333328125 0.19875 0.3741666671875
26 0.17319 0.47321 0.181034375 0.4744325 0.181951875 0.46003 0.18460062500000002 0.45744833281249997 0.184375 0.4458333328125 0.178125 0.41 0.17250000000000001 0.40499999999999997 0.171875 0.3966666671875 0.173125 0.39 0.183125 0.3808333328125 0.171875 0.3791666671875 0.16625 0.38166666718750003 0.15913125 0.3865266671875 0.14937499999999998 0.3916666671875 0.143951875 0.3991633328125 0.14125000000000001 0.41 0.1525 0.4566666671875 0.16 0.46666666718750005 0.17319 0.47321
26 0.14548 0.4770741671875 0.150268125 0.4811508328125 0.150675625 0.49025416718750003 0.1540375 0.5068233328125 0.160048125 0.5214975 0.16738312500000002 0.5292425 0.17787625 0.5339983328125 0.183378125 0.5341341671875 0.188268125 0.5000291671875 0.18938875 0.4948658328125 0.18123875 0.4747566671875 0.1760425 0.47434833281250005 0.16697562500000002 0.4702725 0.161270625 0.46674 0.15627875 0.4599458328125 0.150904375 0.4542333328125 0.147211875 0.456965 0.1450725 0.46321500000000004 0.144970625 0.47245416718750005 0.14548 0.4770741671875
16 0.121925625 0.43412249999999997 0.12793812499999999 0.4414733328125 0.150319375 0.4465966671875 0.141133125 0.40895000000000004 0.144473125 0.39513916718750003 0.15666625 0.3877875 0.16952687500000002 0.38712 0.17754375 0.38556 0.180383125 0.3813275 0.16723 0.3766883328125 0.14430625 0.3791 0.12259374999999999 0.38845583281249996 0.11942 0.3971441671875 0.121925625 0.43412249999999997
16 0.14430625 0.47020999999999996 0.14497437500000002 0.4630808328125 0.14647749999999998 0.4581808328125 0.151154375 0.45238833281249996 0.151154375 0.44726499999999997 0.133283125 0.44258749999999997 0.1274375 0.440805 0.122760625 0.4376516671875 0.12610125 0.4748875 0.150151875 0.48179333281250003 0.14497437500000002 0.4775608328125 0.14430625 0.47020999999999996
14 0.28406937499999996 0.055525000000000005 0.29962 0.061312500000000006 0.36326875 0.0704775 0.42926875000000003 0.0806058328125 0.47221375 0.08928833281250001 0.55430625 0.10375833281249999 0.597703125 0.11002833281249999 0.653395625 0.1211225 0.659905625 0.12498083281250001 0.678349375 0.1273925 0.6906450000000001 0.11002833281249999 0.6884750000000001 0.0984525 0.689198125 0.08157083281250001 0.670935625 0.0428741671875 0.6618943749999999 0.0346741671875 0.6307931250000001 0.012005 0.621390625 0.0153808328125 0.6058399999999999 0.0009108328125000001 0.597160625 0.0023583328125 0.5555718749999999 0.0013933328125 0.45575875000000005 0.0009108328125000001 0.312910625 0 0.306039375 0.0124866671875 0.29085 0.0091108328125 0.278554375 0.013934167187499999 0.269875 0.0216516671875 0.239135625 0.03178 0.239135625 0.0501475 0.26454062500000003 0.0516658328125 0.27177375000000004 0.0540775 0.28406937499999996 0.055525000000000005
14 0.67125 0.1266666671875 0.680625 0.1308333328125 0.71 0.1383333328125 0.74 0.13999999999999999 0.751875 0.145 0.75625 0.14250000000000002 0.75875 0.1458333328125 0.7837500000000001 0.1516666671875 0.7943749999999999 0.15 0.798125 0.1458333328125 0.798125 0.1108333328125 0.79375 0.10333333281249998 0.77125 0.0883333328125 0.751875 0.0841666671875 0.746875 0.0858333328125 0.745 0.08333333281250001 0.74 0.08499999999999999 0.7375 0.08249999999999999 0.724583125 0.08333333281250001 0.7112499999999999 0.0783333328125 0.693125 0.08 0.68625 0.08499999999999999 0.684375 0.0966666671875 0.671875 0.1066666671875 0.67125 0.11499999999999999 0.675 0.1158333328125 0.67625 0.12250000000000001 0.67125 0.1266666671875
14 0.6681250000000001 0.0458333328125 0.6643749999999999 0.048333332812500004 0.665 0.052500000000000005 0.67125 0.0566666671875 0.67875 0.0675 0.680625 0.075 0.688125 0.08249999999999999 0.698125 0.08333333281250001 0.7006249999999999 0.0866666671875 0.7056250000000001 0.0816666671875 0.73625 0.08 0.7681250000000001 0.0866666671875 0.798125 0.0633333328125 0.8256249999999999 0.0491666671875 0.843125 0.0333333328125 0.8412499999999999 0.024166667187499997 0.809375 0 0.605 0.0016666671875 0.629375 0.0116666671875 0.665625 0.0408333328125 0.6681250000000001 0.0458333328125
17 0.193125 0 0.193125 0.0058333328125 0.199375 0.0141666671875 0.23374999999999999 0.0116666671875 0.26937500000000003 0.0183333328125 0.29 0.0083333328125 0.30625 0.0075 0.31124999999999997 0 0.193125 0
17 0.20249999999999999 0 0.205 0.013333332812500001 0.190625 0.017499999999999998 0.18125 0.030833332812499996 0.166875 0.031666667187500004 0.15875 0.0391666671875 0.15812500000000002 0.045 0.165625 0.054166667187499996 0.230625 0.0516666671875 0.23875000000000002 0.0475 0.24625 0.031666667187500004 0.27875 0.013333332812500001 0.26687500000000003 0.0066666671875 0.26437499999999997 0 0.20249999999999999 0
19 0.1560875 0.0438983328125 0.156544375 0.0406483328125 0.1717725 0.025009999999999998 0.181975625 0.0189166671875 0.19431 0.0160733328125 0.199030625 0.0134333328125 0.20222875 0.0144483328125 0.20222875 0.0081525 0.19522375 0.00023166718750000003 0.1071675 0.0003041671875 0.106139375 0.0595366671875 0.12182437500000001 0.0591308328125 0.1650725 0.056287500000000004 0.1560875 0.0438983328125
41 0.106316875 0.0602791671875 0.106671875 0 0.070198125 0.00023666718749999999 0.070966875 0.0424608328125 0.073095 0.059963332812500006 0.08633625 0.0610675 0.106316875 0.0602791671875