30 0.8084374999999999 0.8265558328125 0.9496874999999999 0.8849066671875001 0.9771875 0.8615666671875 0.999375 0.8462500000000001 0.999375 0.48478750000000004 0.8534375000000001 0.47811916718749997 0.8084374999999999 0.8265558328125
30 0.7934375 0.7598691671875 0.8109375 0.7598691671875 0.8534375000000001 0.4664483328125 0.9734375 0.4764516671875 0.978125 0.4379166671875 0.8396874999999999 0.44810999999999995 0.8359375 0.509795 0.8196875 0.5614766671875 0.7934375 0.7598691671875
30 0.90625 0.4233333328125 0.8271875 0.4147666671875 0.8384375000000001 0.45144416718749997 0.8909375 0.4464425 0.90625 0.4233333328125
10 0.8146875 0.3530816671875 0.8096875000000001 0.3297408328125 0.8134375 0.29806499999999997 0.7734375 0.2897291671875 0.7621875 0.31973833281249997 0.7609375 0.3264066671875 0.7021875 0.40476333281250004 0.6934375 0.4964575 0.7021875 0.544805 0.6734375 0.7548683328125 0.6721874999999999 0.7848766671875 0.6946875 0.833225 0.8015625 0.8316666671874999 0.7921875 0.7698725 0.8221875000000001 0.5514741671875 0.8384375000000001 0.47811916718749997 0.8146875 0.3530816671875
10 0.6696875 0.3847575 0.6771874999999999 0.44477583281250005 0.6846875 0.4664483328125 0.7321875 0.35808333281250004 0.7571875 0.34474583281250004 0.7546875 0.27958333281250003 0.7109375 0.274725 0.7121875 0.2997325 0.6996875 0.3514141671875 0.6696875 0.3847575
10 0.6309375 0.3830908328125 0.6709375 0.3914266671875 0.7059375 0.3414116671875 0.6859375 0.31973833281249997 0.6859375 0.26916666718750004 0.6534375 0.2680558328125 0.6509375000000001 0.309735 0.6159375 0.3564158328125 0.6309375 0.3830908328125
10 0.6134375000000001 0.3697533328125 0.6346875 0.3214058328125 0.6484375 0.2629166671875 0.6309375 0.263055 0.6271875 0.286395 0.5921875 0.374755 0.6134375000000001 0.3697533328125
0 0.6734375 0.3847575 0.6371875 0.39642750000000004 0.6321875 0.43477249999999995 0.5896874999999999 0.48312 0.5921875 0.5898191671874999 0.5834374999999999 0.6631741671875 0.5771875 0.7615366671875 0.5859375 0.8015483328125 0.6734375 0.7920833328125 0.6971875 0.5314683328124999 0.6821875000000001 0.44810999999999995 0.6634375 0.4264366671875 0.6734375 0.3847575
0 0.5646875 0.5514741671875 0.5596875 0.7532008328125 0.5771875 0.7632041671875001 0.5846875 0.6098250000000001 0.5896874999999999 0.5831500000000001 0.6034375 0.46144749999999995 0.6259375 0.4564458328125 0.6265625 0.3608333328125 0.5959375 0.36808583281249996 0.5971875 0.4231025 0.5709375 0.4464425 0.5646875 0.5514741671875
0 0.5271874999999999 0.3047341671875 0.4846875 0.30640083281249997 0.4859375 0.35474833281249996 0.46343750000000006 0.3880916671875 0.43968749999999995 0.41643416718750004 0.44343750000000004 0.5281333328125 0.42718749999999994 0.5781483328125 0.4296875 0.8232216671874999 0.5609375 0.82125 0.5596875 0.521465 0.5709375 0.4297708328125 0.5284375 0.36808583281249996 0.5271874999999999 0.3047341671875
1 0.39968750000000003 0.3614175 0.3934375 0.3280741671875 0.3446875 0.33140833281250004 0.3484375 0.3630841671875 0.3134375 0.42476916718749996 0.3159375 0.521465 0.3284375 0.5348025 0.31843750000000004 0.5748141671875 0.3096875 0.7298608328125 0.31843750000000004 0.8115516671874999 0.3596875 0.8432275 0.4203125 0.8129166671875 0.4259375 0.5498066671874999 0.42718749999999994 0.5264666671875 0.4259375 0.39476083281249996 0.39968750000000003 0.3614175
1 0.39718749999999997 0.2963983328125 0.3609375 0.29625 0.3584375 0.3230725 0.3959375 0.3264066671875 0.39718749999999997 0.2963983328125
1 0.4371875 0.3880916671875 0.4484375 0.3630841671875 0.4259375 0.3347425 0.4184375 0.2897291671875 0.396875 0.28375 0.3934375 0.29806499999999997 0.39718749999999997 0.3497475 0.4371875 0.3880916671875
21 0.30093749999999997 0.4731175 0.2896875 0.43477249999999995 0.29093749999999996 0.39642750000000004 0.26968749999999997 0.3764216671875 0.2009375 0.3614175 0.13218749999999999 0.3614175 0.12468749999999999 0.4014291671875 0.13343750000000001 0.4547783328125 0.1084375 0.5264666671875 0.1496875 0.78321 0.1384375 0.8348916671875 0.15718749999999998 0.8765708328124999 0.27468750000000003 0.856565 0.3109375 0.8045833328124999 0.3096875 0.7765408328125 0.3121875 0.5147966671875001 0.30093749999999997 0.4731175
21 0.1871875 0.34474583281250004 0.2509375 0.3630841671875 0.2953125 0.40458333281250003 0.3146875 0.39309333281250003 0.30843750000000003 0.34474583281250004 0.2246875 0.3214058328125 0.1871875 0.34474583281250004
21 0.30843750000000003 0.3797558328125 0.33218749999999997 0.37142 0.3328125 0.3295833328125 0.2709375 0.31140249999999997 0.2396875 0.3214058328125 0.30093749999999997 0.3347425 0.30843750000000003 0.3797558328125
18 0 0.8365591671875 0.0921875 0.8365591671875 0.146875 0.7920833328125 0.1034375 0.5281333328125 0.12468749999999999 0.45978 0.10593749999999999 0.35808333281250004 0.0859375 0.3514141671875 0.06593750000000001 0.35474833281249996 0 0.34474583281250004 0 0.8365591671875
18 0.1159375 0.3514141671875 0.13968750000000002 0.3414116671875 0.146875 0.3275 0.0984375 0.3264066671875 0.0409375 0.3280741671875 0.07718749999999999 0.34808 0.1159375 0.3514141671875
18 0.1496875 0.29806499999999997 0.11468750000000001 0.3147366671875 0.165625 0.3254166671875 0.2009375 0.32474 0.2084375 0.32474 0.2009375 0.3080683328125 0.1496875 0.29806499999999997