8 0.16384375 0.5960758328125 0.15953375 0.5529883328125 0.1528 0.5357533328125 0.11993687500000001 0.531445 0.06363875 0.5425758328125 0.031314375 0.5745325 0.04444625 0.6349041671875 0.0631 0.6434725 0.12963375 0.6319825 0.16384375 0.5960758328125
8 0.17569625 0.6355733328125 0.16626812500000002 0.5939216671875001 0.133135625 0.6287508328125 0.08276375 0.6431133328125 0.046803125 0.6362508328125001 0.060136875 0.6890733328125 0.099195625 0.6973316671875 0.15872625 0.6707616671875 0.17569625 0.6355733328125
16 0.29731625 0.7041541671875 0.33071812500000003 0.6879966671875 0.353615 0.6531675 0.34984375 0.5910491671875 0.31428687499999997 0.5709416671875001 0.27442 0.577405 0.24613625 0.5899725 0.217179375 0.6178433328125 0.2264725 0.68656 0.244789375 0.6987683328125 0.26741625 0.7084625 0.29731625 0.7041541671875
16 0.357385625 0.7131308328125 0.35469249999999997 0.6546033328124999 0.329101875 0.68656 0.288158125 0.7034358328125 0.248021875 0.7012816671875 0.22701125000000003 0.6887141671875 0.227280625 0.69192 0.2369775 0.745805 0.277383125 0.7626816671875 0.327755 0.7493958328125 0.357385625 0.7131308328125
26 0.40775812499999997 0.6470633328125001 0.4443925 0.6553216671875 0.480756875 0.6502950000000001 0.50877125 0.63306 0.520893125 0.6064891671875 0.52277875 0.5730958328125 0.528435625 0.5529883328125 0.524125625 0.5339583328125 0.47994875 0.5116966671875 0.437119375 0.5142100000000001 0.3994075 0.5282133328125 0.379474375 0.5473583328125 0.37705 0.569865 0.38513125000000004 0.5802775 0.387016875 0.6086433328124999 0.40775812499999997 0.6470633328125001
26 0.413684375 0.7210300000000001 0.46594187500000006 0.7346741671875 0.50527 0.7106175 0.52170125 0.6714791671875 0.52062375 0.6477816671875 0.5300518750000001 0.6251599999999999 0.5211625 0.6021799999999999 0.50580875 0.6341366671875 0.47429249999999995 0.6517308328125 0.43792749999999997 0.6546033328124999 0.409105 0.6470633328125001 0.387555 0.6093133328125 0.37974375 0.6398816671875001 0.390518125 0.65604 0.39240375 0.684765 0.413684375 0.7210300000000001
28 0.587561875 0.5537908328125 0.60992 0.5624083328125 0.65679 0.5602541671875 0.6791475 0.5451733328125 0.6872287499999999 0.5164483328125 0.6874981250000001 0.4916733328125 0.69584875 0.48233750000000003 0.694501875 0.4629483328125 0.6780700000000001 0.4521758328125 0.641975 0.4424816671875 0.6002225 0.44930333281249996 0.5810975 0.4589983328125 0.5639925 0.4710375 0.56547375 0.49454583281250003 0.573285625 0.5006491671875 0.576518125 0.5304516671874999 0.587561875 0.5537908328125
28 0.5665512500000001 0.6011875 0.5719387499999999 0.6166266671875 0.590794375 0.6324258328125001 0.6258125 0.6381708328125 0.660291875 0.6273991671875 0.6664875 0.6123183328125 0.6732218750000001 0.57713 0.682110625 0.5620491671875001 0.6791475 0.5390691671875001 0.66379375 0.5552275 0.625004375 0.5602541671875 0.590525 0.5534316671874999 0.57517125 0.5225525 0.574766875 0.5222175 0.55577625 0.536915 0.5538912500000001 0.5588175 0.56331875 0.5721033328125 0.5665512500000001 0.6011875
28 0.566820625 0.6701275 0.579211875 0.693825 0.60938125 0.71106 0.6487087500000001 0.7063925 0.6689118749999999 0.6679725000000001 0.6707975 0.6496608328125 0.6813024999999999 0.6356575 0.67753125 0.6112408328125001 0.6691812500000001 0.598315 0.66056125 0.624885 0.625004375 0.6374525 0.5924106250000001 0.6327849999999999 0.571130625 0.6148316671875 0.5646656250000001 0.5962941671875 0.5533525 0.6151908328125 0.55847 0.6338616671875 0.562510625 0.6439158328125 0.566820625 0.6701275
29 0.765413125 0.4885058328125 0.774571875 0.48024750000000005 0.77376375 0.4615758328125 0.747904375 0.44505916718750005 0.71504125 0.438955 0.691875625 0.44146833281250003 0.6784068750000001 0.45080416718749994 0.691336875 0.4597808328125 0.695646875 0.4666033328125 0.696185625 0.4827608328125 0.6859493750000001 0.49066 0.684871875 0.5222175 0.708306875 0.5341066671875 0.74278625 0.5337475 0.75787125 0.5211808328124999 0.765413125 0.4885058328125
29 0.713155625 0.5359258328125 0.685410625 0.5240766671875 0.6824475 0.539875 0.7037275000000001 0.5427475 0.76945375 0.5423891671875001 0.77107 0.5219225 0.761641875 0.5100958328125 0.76083375 0.5201266671875 0.745210625 0.5308991671875 0.713155625 0.5359258328125
49 0.999375 0.5219225 0.70642125 0.5410733328124999 0.705613125 0.6203058328125 0.7277018749999999 0.6544166671875 0.999375 0.6296408328124999 0.999375 0.5219225
49 0.999375 0.6296408328124999 0.726960625 0.6533391671875 0.7124825 0.6322099999999999 0.708374375 0.6860141671875 0.733695 0.7294608328125001 0.999375 0.7043258328124999 0.999375 0.6296408328124999
49 0.7054112499999999 0.616715 0.706219375 0.5811675000000001 0.67174 0.5811675000000001 0.669585 0.6023525000000001 0.6803600000000001 0.6181508328125 0.679013125 0.6393358328125001 0.669585 0.6490308328125 0.670393125 0.6703708328125 0.6803600000000001 0.681705 0.71026 0.6770375 0.71403125 0.6285641671875 0.7054112499999999 0.616715
17 0.753745 0.074365 0.71493875 0.050085000000000005 0.6072325000000001 0.0347775 0.38786062499999996 0.0294991671875 0.34628312499999997 0.044806667187499996 0.32074250000000004 0.06942833281250001 0.35261875 0.1076183328125 0.723254375 0.09864500000000001 0.753745 0.074365
14 0.999375 0.0273883328125 0.869964375 0.0416391671875 0.822446875 0.0395283328125 0.768198125 0.06678833281249999 0.746023125 0.0970616671875 0.999375 0.0928391671875 0.999375 0.0273883328125
19 0.15373874999999998 0 0.16838999999999998 0.11184083281249999 0.16928062500000002 0.1169458328125 0.331533125 0.1113125 0.322425625 0 0.15373874999999998 0
35 0.125723125 0 0.14007750000000002 0.11892583281249999 0.16650875 0.118175 0.15383750000000002 0 0.125723125 0
41 0 0 0 0.12420500000000001 0.11344749999999999 0.11975833281249999 0.0952325 0 0 0
17 0.358336875 0 0.38839999999999997 0.031708332812500004 0.635605625 0.038159167187499995 0.71416 0.0485808328125 0.7539962499999999 0 0.358336875 0
14 0.999375 0.0009391671875 0.7606975 0 0.720116875 0.0446108328125 0.7529725 0.0584508328125 0.8016500000000001 0.0456033328125 0.9985956249999999 0.0341891671875 0.999375 0.0009391671875