28 0.21125 0.5083333328124999 0.21937500000000001 0.5158333328125 0.231875 0.5191666671874999 0.255625 0.5191666671874999 0.291875 0.5108333328125 0.31124999999999997 0.495 0.316875 0.4783333328125 0.320625 0.43666666718749997 0.325 0.4308333328125 0.325 0.42083333281249996 0.320625 0.4108333328125 0.3025 0.4016666671875 0.263125 0.3983333328125 0.21437499999999998 0.40750000000000003 0.185 0.43 0.18562499999999998 0.4491666671875 0.19375 0.45999999999999996 0.20187499999999997 0.49083333281249997 0.21125 0.5083333328124999
28 0.246875 0.5933333328125 0.274375 0.5891666671875 0.301875 0.575 0.30375 0.5516666671875 0.325 0.51 0.32375 0.4925 0.318125 0.48333333281249996 0.31124999999999997 0.49833333281250003 0.294375 0.5108333328125 0.263125 0.5191666671874999 0.234375 0.52 0.216875 0.5133333328125 0.203125 0.49749999999999994 0.20125 0.49083333281249997 0.19 0.505 0.190625 0.525 0.20625 0.5625 0.22125 0.5825 0.246875 0.5933333328125
28 0.24312499999999998 0.6616666671875 0.273125 0.6616666671875 0.294375 0.6533333328125 0.31 0.6358333328125 0.3025 0.5783333328125 0.268333125 0.5925 0.24937499999999999 0.5941666671875 0.230625 0.5925 0.220625 0.5858333328125 0.20625 0.5641666671875 0.200625 0.5700000000000001 0.198125 0.5783333328125 0.200625 0.6025 0.22000000000000003 0.6458333328125 0.22875 0.655 0.24312499999999998 0.6616666671875
26 0.05437499999999999 0.5541666671875001 0.08375 0.5725 0.100625 0.5725 0.14750000000000002 0.5599999999999999 0.169375 0.5433333328125001 0.183125 0.5216666671875 0.18687499999999999 0.4625 0.1825 0.45 0.16625 0.43916666718749997 0.11750000000000001 0.43499999999999994 0.08249999999999999 0.44166666718750003 0.050624999999999996 0.45416666718750004 0.033125 0.46666666718750005 0.026875 0.4808333328125 0.026875 0.49583333281249997 0.0375 0.5158333328125 0.046875 0.5441666671875 0.05437499999999999 0.5541666671875001
26 0.11125 0.6416666671875 0.130625 0.6391666671875 0.1525 0.6308333328125 0.16999999999999998 0.6191666671875 0.18 0.6075 0.18937500000000002 0.5816666671874999 0.1925 0.5366666671875 0.18937500000000002 0.5308333328125 0.18125 0.53 0.170625 0.545 0.16312500000000002 0.5483333328125 0.153125 0.5599999999999999 0.12250000000000001 0.5675 0.09104187500000001 0.5691666671875 0.06 0.5558333328125 0.045 0.5416666671875 0.03875 0.5516666671875 0.04 0.5716666671875 0.064375 0.6233333328125 0.08 0.6383333328125 0.11125 0.6416666671875
16 0 0.5608333328125 0.008125 0.5599999999999999 0.0325 0.545 0.04 0.5366666671875 0.036875000000000005 0.5175 0.024375 0.4875 0.028125 0.47000000000000003 0.01 0.4641666671875 0 0.4641666671875 0 0.5608333328125
16 0 0.6141666671875 0.027500000000000004 0.6008333328125001 0.045 0.5841666671875 0.036875000000000005 0.5554166671874999 0.0375 0.5441666671875 0.028749999999999998 0.5483333328125 0 0.5658333328125 0 0.6141666671875
29 0.43005000000000004 0.489305 0.43197437499999997 0.4995741671875 0.448015 0.5138366671875 0.47646062499999997 0.5169741671875 0.501911875 0.5104133328125 0.51431625 0.49615083281250005 0.515 0.48333333281249996 0.525625 0.4441666671875 0.5237499999999999 0.4341666671875 0.5118750000000001 0.4233333328125 0.49625 0.4158333328125 0.47874999999999995 0.41333333281250006 0.44312500000000005 0.4183333328125 0.426875 0.42750000000000005 0.421875 0.43499999999999994 0.421875 0.45416666718750004 0.4285525 0.46562916718749997 0.430905 0.47447166718749995 0.43005000000000004 0.489305
29 0.5131249999999999 0.5358333328125 0.5231250000000001 0.51 0.5231250000000001 0.495 0.5175 0.4858333328125 0.506875 0.4966666671875 0.48250000000000004 0.5116666671875 0.45125000000000004 0.5083333328124999 0.43125 0.49000000000000005 0.4225 0.5 0.4225 0.5125 0.429375 0.5216666671875 0.489375 0.5349999999999999 0.5131249999999999 0.5358333328125
14 0.35875 0 0.354375 0.0125 0.353125 0.0216666671875 0.35625 0.0366666671875 0.36124999999999996 0.042499999999999996 0.37124999999999997 0.0441666671875 0.73375 0.0566666671875 0.748125 0.05500000000000001 0.7787499999999999 0.025 0.78 0.005 0.77625 0 0.35875 0
17 0 0 0.00055875 0.0354083328125 0.33920125 0.043501667187499996 0.36060125 0.0439275 0.344311875 0.0222025 0.35133875 0 0.332494375 0 0 0
49 0.8438862500000001 0.6313216671874999 0.825438125 0.5894933328125 0.3305675 0.5156791671875001 0.30466375 0.5456833328124999 0.30612375 0.6300916671875 0.827744375 0.7211291671875 0.8438862500000001 0.6313216671874999
49 0.8310381250000001 0.7018375 0.8248325 0.7220125000000001 0.320226875 0.6319533328125 0.321584375 0.708345 0.8207599999999999 0.8034633328125 0.83588625 0.7248574999999999 0.8310381250000001 0.7018375