5 0.178125 0.0875 0.08671875 0.1734375
2 0.2578125 0.09453125 0.08046875 0.1609375
2 0.3375 0.09296875 0.07734375 0.16796875
3 0.4765625 0.09609375 0.075 0.1640625
3 0.5484375 0.096875 0.06875 0.1625
13 0.7515625 0.096875 0.22890625 0.16484375
13 0.62265625 0.16015625 0.021875 0.0390625
12 0.1359375 0.34921875 0.05 0.08359375
52 0.2418641671875 0.282056875 0.23916750000000003 0.27941125 0.22858833281250002 0.277855 0.21635 0.27878875000000003 0.2126166671875 0.306489375 0.2063933328125 0.326564375 0.20328166718750001 0.34944000000000003 0.20411166718749998 0.37667375000000003 0.2055633328125 0.392235625 0.2507316671875 0.39344375 0.2536875 0.353019375 0.25036833281250004 0.3223625 0.24331583281250002 0.30322125 0.2418641671875 0.282056875
52 0.19934083281249998 0.3914575 0.2055633328125 0.392858125 0.20328166718750001 0.363445625 0.20431916718749998 0.34321562499999997 0.20587499999999997 0.32518625 0.1997558328125 0.33994749999999996 0.1966441671875 0.353175 0.1966441671875 0.37854062499999996 0.19934083281249998 0.3914575
44 0.254905 0.392945 0.3891825 0.3962925 0.3904575 0.38672875 0.39130666718749996 0.34800749999999997 0.39406916718749996 0.27914812499999997 0.38727 0.274525625 0.33457916718749997 0.2660775 0.2804008328125 0.2622525 0.26159750000000004 0.265355 0.2538425 0.32632625000000004 0.25193 0.39119187499999997 0.254905 0.392945
45 0.535065 0.277288125 0.5347091671875 0.25879625 0.531145 0.25879625 0.5249675 0.2561225 0.5161766671875 0.2520225 0.5021583328125 0.250061875 0.49883166718750005 0.247031875 0.48053749999999995 0.24578375000000002 0.46342999999999995 0.2489925 0.45749000000000006 0.24756625 0.4299291671875 0.24721 0.42208833281249997 0.252735625 0.41211000000000003 0.2484575 0.401655 0.249705625 0.3957158328125 0.261648125 0.3940525 0.31314375 0.3935775 0.396208125 0.4094958328125 0.395316875 0.5277591671875 0.39764625 0.5312641671875 0.350634375 0.53364 0.28317000000000003 0.535065 0.277288125
55 0.6310541671875 0.374648125 0.615135 0.297644375 0.5355408328125 0.292653125 0.5310258328125 0.3400675 0.5324516671875 0.3726875 0.541005 0.389799375 0.5300758328125 0.39265125 0.5279375 0.397285625 0.6450716671875 0.399205 0.6381816671875 0.392829375 0.6346175 0.38605625 0.6310541671875 0.381065 0.6310541671875 0.374648125
36 0.7519308328125 0.40049437499999996 0.7557324999999999 0.318143125 0.7578708328125 0.314043125 0.7502675 0.3103 0.7324474999999999 0.3079825 0.7132025 0.30869562500000003 0.6965708328125 0.30958687500000004 0.6806516671875 0.311904375 0.668535 0.315290625 0.66901 0.32046 0.6667525000000001 0.398314375 0.7082133328125 0.40031625000000004 0.7360116671875 0.40031625000000004 0.7519308328125 0.40049437499999996
36 0.66074 0.37648187499999997 0.6608975 0.3990725 0.6667483328125 0.39942812499999997 0.6684883328125 0.325576875 0.6608975 0.327486875 0.6596325000000001 0.330571875 0.6615300000000001 0.333893125 0.66074 0.37648187499999997
36 0.6355975 0.340468125 0.6351225 0.38459937499999997 0.6348066671875 0.38720937499999997 0.6378108328125001 0.389700625 0.6392341671875 0.3951575 0.6447683328125 0.399190625 0.6605816671875 0.39978375 0.6601858328125 0.3326925 0.6485641671875 0.334061875 0.6376525 0.33619750000000004 0.6338575 0.33762125 0.6355975 0.340468125
37 0.8044391671875 0.333233125 0.8063366671875001 0.33252125 0.8066525 0.328250625 0.7935283328125 0.3258775 0.7734458328125 0.325640625 0.7564466671875001 0.325873125 0.7530475 0.39990375 0.8038066671875 0.40061562500000003 0.8044391671875 0.333233125
27 0.8057041671875 0.40002250000000006 0.8415991671875 0.40002250000000006 0.843655 0.398955 0.8452358328124999 0.330741875 0.8411250000000001 0.32979250000000004 0.8230983328124999 0.32967375 0.8090249999999999 0.33180312500000003 0.80602 0.34011375 0.80349 0.38258375 0.8057041671875 0.40002250000000006
25 0.24253333281249997 0.542910625 0.2660208328125 0.544065625 0.28950916718749997 0.54681 0.3058733328125 0.546088125 0.3141525 0.5483987499999999 0.3283991671875 0.544788125 0.33147916718750003 0.538288125 0.3237783328125 0.5307775 0.32685916718749997 0.5302 0.32743666718750003 0.5206668750000001 0.32743666718750003 0.512000625 0.3251258328125 0.50232375 0.3101091671875 0.49423500000000004 0.29220416718750003 0.4884575 0.2687166671875 0.48528000000000004 0.2469608328125 0.48556875 0.20075500000000002 0.48816875 0.19652 0.49120187499999995 0.198445 0.49539062500000003 0.1959416671875 0.502756875 0.1915141671875 0.51070125 0.1714916671875 0.522255625 0.1572441671875 0.5326556250000001 0.1578225 0.53886625 0.1743791671875 0.53944375 0.18554583281249998 0.54132125 0.24253333281249997 0.542910625
25 0.1738016671875 0.563590625 0.18285 0.56474625 0.18573833281250002 0.566479375 0.19729000000000002 0.5661906250000001 0.2130766671875 0.567779375 0.2294416671875 0.569368125 0.24445833281249998 0.57052375 0.25639500000000004 0.570956875 0.25832 0.5721125 0.29220416718750003 0.5752900000000001 0.3104941671875 0.5764456250000001 0.31569250000000004 0.5758675 0.3208908328125 0.570668125 0.3218533328125 0.545969375 0.316655 0.548135625 0.3108791671875 0.54698 0.2852733328125 0.54553625 0.26698333281250003 0.5451024999999999 0.25100416718749996 0.542358125 0.18554583281249998 0.541491875 0.1738016671875 0.54033625 0.1747641671875 0.54423625 0.1693733328125 0.548424375 0.1628275 0.5527575 0.15705166718750002 0.55694625 0.1557041671875 0.56226875 0.1555116671875 0.565179375 0.1662933328125 0.565179375 0.1738016671875 0.563590625
25 0.2244741671875 0.58696125 0.23536666718750002 0.58513375 0.2654641671875 0.58513375 0.2667533328125 0.5862087500000001 0.29197833281249996 0.5868537500000001 0.3008641671875 0.587821875 0.3131891671875 0.58728375 0.3189225 0.583520625 0.3147658328125 0.575994375 0.2637441671875 0.57298375 0.25758166718750003 0.570618125 0.23106749999999998 0.569865625 0.19652750000000002 0.565779375 0.184345 0.5656718749999999 0.17287916718750002 0.563521875 0.16542666718750001 0.565349375 0.1582608328125 0.5663175 0.1531008328125 0.569865625 0.15138166718749999 0.57481125 0.146365 0.576639375 0.1443941671875 0.580605625 0.150665 0.5823381249999999 0.1531008328125 0.5862087500000001 0.2244741671875 0.58696125
25 0.1624525 0.605025 0.22451 0.605993125 0.23669250000000003 0.605885 0.2541775 0.6051325000000001 0.2610566671875 0.603305 0.26464 0.6042725 0.2738125 0.60481 0.279115 0.60352 0.2872841671875 0.602659375 0.2915841671875 0.6022293750000001 0.29574 0.59846625 0.29946666718750004 0.59803625 0.30061333281249997 0.5914775 0.2888608328125 0.58717625 0.2448616671875 0.58663875 0.24156499999999997 0.5891118750000001 0.2374091671875 0.58728375 0.2263733328125 0.5868537500000001 0.22408 0.5906175 0.22336333281249998 0.5884668750000001 0.212615 0.588896875 0.2116116671875 0.59094 0.20802833281250002 0.5910475 0.20344250000000003 0.587821875 0.1611633328125 0.587821875 0.15256416718750002 0.58653125 0.15242083281250002 0.583843125 0.1482641671875 0.581800625 0.1428183328125 0.581908125 0.1363683328125 0.58739125 0.12404333281249999 0.594810625 0.1237925 0.6014318750000001 0.13966499999999998 0.602121875 0.14310499999999998 0.6036275 0.1624525 0.605025
39 0.42265625 0.55 0.17578125 0.12421875
39 0.3855708328125 0.47914812500000004 0.37802250000000004 0.483023125 0.5035666671875 0.4868975 0.5107183328125 0.4907725 0.511115 0.568863125 0.511115 0.59330375 0.5238283328125 0.59181375 0.5270066671875 0.487791875 0.5120091671875 0.487625625 0.5266091671875001 0.487195625 0.5206500000000001 0.481234375 0.4463566671875 0.4800425 0.3855708328125 0.47914812500000004
40 0.53457 0.60776125 0.5505291671875 0.6146499999999999 0.6193933328125001 0.614485625 0.63098 0.61141375 0.6311983328124999 0.613131875 0.6311983328124999 0.490624375 0.6273583765625 0.49045868437499995 0.6272633328125 0.49210062499999996 0.5994991671875 0.49213375 0.5422216671875 0.49246187499999994 0.5312908328125 0.48688562500000004 0.532165 0.5478975 0.53457 0.60776125
47 0.63087 0.5861562499999999 0.6313075 0.605323125 0.6369916671875 0.612868125 0.6461733328125 0.6179518749999999 0.680715 0.6212325 0.7320891671875 0.62139625 0.7452066671875001 0.617624375 0.7670675 0.6204125 0.8055441671875 0.621888125 0.8507975 0.62303625 0.8586674999999999 0.621888125 0.8794366671875 0.623364375 0.9397741671875 0.62434875 0.9500491671875 0.622380625 0.9520166671875 0.6140156250000001 0.9627291671875 0.509071875 0.9631658328125001 0.4982475 0.9655708328125 0.49775562500000003 0.9526725 0.493003125 0.9257825000000001 0.491035 0.9030466671875 0.49021499999999996 0.8490491671875 0.489886875 0.7784358328125001 0.48906687499999996 0.6944325 0.488083125 0.6402708328125 0.489671875 0.6372099999999999 0.49365437500000003 0.6358983328125001 0.5002150000000001 0.6304333328125 0.5469575 0.63087 0.5861562499999999
47 0.73828125 0.484375 0.2203125 0.00625
48 0.2948458328125 0.68767625 0.27719499999999997 0.686351875 0.23630333281250002 0.690545625 0.216005 0.6982700000000001 0.2054141671875 0.69231125 0.161875 0.69010375 0.1327508328125 0.693635 0.1153933328125 0.71283625 0.114805 0.816125625 0.1212775 0.834444375 0.1356925 0.8410650000000001 0.28572583281249997 0.8324581249999999 0.3011708328125 0.822483125 0.3045541671875 0.702463125 0.30631916718749996 0.694518125 0.2948458328125 0.68767625
48 0.23865666718749998 0.690005625 0.27719499999999997 0.68625375 0.29690500000000003 0.688019375 0.3072016671875 0.6957443750000001 0.3124966671875 0.691550625 0.3354433328125 0.688019375 0.3375025 0.6756599999999999 0.33279583281249997 0.668818125 0.3174983328125 0.6641837500000001 0.2904333328125 0.663963125 0.2657216671875 0.6677150000000001 0.2595441671875 0.670804375 0.2545425 0.667494375 0.22688916718750002 0.66572875 0.2083558328125 0.6655075 0.1918816671875 0.6679356249999999 0.17481916718749999 0.6756599999999999 0.1709941671875 0.683605625 0.1746716671875 0.6884456250000001 0.20482583281250002 0.692654375 0.2189466671875 0.69795125 0.23865666718749998 0.690005625
48 0.2588216671875 0.6702606249999999 0.2668691671875 0.66657125 0.2903425 0.6633843749999999 0.3164983328125 0.665396875 0.3211933328125 0.6650618749999999 0.336395 0.67042875 0.33952499999999997 0.66271375 0.3455608328125 0.650638125 0.3384075 0.645941875 0.3084508328125 0.645103125 0.2778233328125 0.648793125 0.23221833281249998 0.64527125 0.2194758328125 0.64745125 0.20941583281249998 0.64611 0.20337999999999998 0.647619375 0.1935433328125 0.657346875 0.1930958328125 0.66693625 0.2105333328125 0.665229375 0.2527858328125 0.6675774999999999 0.2588216671875 0.6702606249999999
34 0.4817625 0.70212875 0.47483166718750003 0.6933175 0.4547116671875 0.6874475 0.40217666718749995 0.6913050000000001 0.337345 0.6884537500000001 0.3091775 0.691975625 0.3056008328125 0.703548125 0.3031975 0.828734375 0.3241558328125 0.835515625 0.4614183328125 0.8308199999999999 0.4790791671875 0.8192475 0.4817625 0.70212875
34 0.4003883328125 0.6908875 0.4538175 0.6871975 0.4746083328125 0.6939062500000001 0.4734908328125 0.6833400000000001 0.4708083328125 0.671096875 0.4600775 0.6655625 0.4477816671875 0.665394375 0.424085 0.667910625 0.40485916718750004 0.6672393750000001 0.383845 0.667071875 0.3686433328125 0.66874875 0.3487466671875 0.668403125 0.3400283328125 0.677638125 0.3429341671875 0.68786875 0.36104250000000004 0.68988125 0.4003883328125 0.6908875
34 0.42533333281249996 0.667721875 0.46141166718750004 0.665780625 0.47328583281250003 0.67354625 0.47206833281250005 0.661211875 0.46065083281249997 0.65196125 0.4373591671875 0.6463650000000001 0.41285 0.647050625 0.3891025 0.649334375 0.35226250000000003 0.65230375 0.343585 0.6601843749999999 0.3449933328125 0.665515625 0.3478475 0.669320625 0.3699208328125 0.668978125 0.3836216671875 0.667265 0.42533333281249996 0.667721875
33 0.6399241671875 0.6739418749999999 0.6376683328125 0.665785 0.6294416671875 0.661205625 0.5888416671875001 0.657224375 0.5617741671875 0.659414375 0.5487716671875 0.6608075 0.5238275 0.657025 0.48588 0.663595 0.47447 0.668571875 0.4720816671875 0.6771325 0.4763275 0.6932581250000001 0.48269583281250006 0.70341125 0.47951166718750005 0.816228125 0.49304500000000007 0.8237931250000001 0.5312574999999999 0.8241912499999999 0.5672141671875 0.8187787500000001 0.5929541671874999 0.82046625 0.63727 0.8164843749999999 0.6425775 0.797770625 0.6399241671875 0.6739418749999999
33 0.5896375 0.656226875 0.6204191671875 0.6588149999999999 0.6379333328125 0.662995625 0.6400566671875 0.668171875 0.6432408328125 0.799115 0.6435058328125 0.75747 0.6445675 0.7118806249999999 0.6456291671875001 0.689384375 0.6493441671875 0.682814375 0.65014 0.64936875 0.6456291671875001 0.645188125 0.49278000000000005 0.643595 0.48588 0.648174375 0.48269583281250006 0.660318125 0.48933 0.66290625 0.5088341671875 0.6590631250000001 0.5272766671875 0.6550325 0.55116 0.66020875 0.5896375 0.656226875
32 0.6610199999999999 0.8196199999999999 0.6849025 0.82101375 0.726565 0.8212131250000001 0.74116 0.822805625 0.7860066671875 0.825791875 0.8048474999999999 0.82101375 0.8136041671875001 0.825194375 0.8419983328124999 0.825194375 0.858185 0.8279818750000001 0.8775566671874999 0.824995625 0.8902941671875 0.8170325 0.8948050000000001 0.705745625 0.8929475 0.698180625 0.8831291671875 0.692208125 0.8780875 0.685439375 0.73373 0.684841875 0.7273608328125001 0.689221875 0.7178083328125 0.6846425 0.68623 0.68285125 0.6596933328125 0.682453125 0.6514666671875 0.68285125 0.6474866671874999 0.689165 0.6440366671875 0.8001099999999999 0.6482825 0.812254375 0.6610199999999999 0.8196199999999999
32 0.7284225 0.6882900000000001 0.7324025 0.684706875 0.8435900000000001 0.68530375 0.8435900000000001 0.6610162500000001 0.8281991671875 0.648871875 0.7650425000000001 0.6498675 0.7634508328125 0.654246875 0.7600008328125 0.65126125 0.7018858328124999 0.65126125 0.6979058328125001 0.65285375 0.6947216671875001 0.651061875 0.6543858328125001 0.65126125 0.6494766671875001 0.65383875 0.6514666671875 0.681919375 0.7199308328125 0.684706875 0.7284225 0.6882900000000001