21 0.21953375 0.5973158328125 0.216995 0.5320933328125 0.21382062500000001 0.4533175 0.20683812499999998 0.396565 0.1909675 0.3940241671875 0.1922375 0.3576008328125 0.183985 0.3254125 0.16989749999999998 0.32033083281249997 0.112764375 0.3186366671875 0.04039625 0.3177891671875 0.026430625000000003 0.33303666718749997 0.025161250000000003 0.373695 0.0359525 0.396565 0.01627375 0.4372233328125 0.00802125 0.49566999999999994 0.027145625 0.59901 0.048094375 0.6735508328125 0.05761625 0.7658791671875 0.053807499999999994 0.7845141671875 0.06713875 0.815855 0.172516875 0.8133141671875 0.204891875 0.7989141671875 0.22784187500000003 0.7623300000000001 0.216995 0.7277616671875 0.222073125 0.67101 0.21953375 0.5973158328125
1 0.24619624999999998 0.2762841671875 0.24746562499999997 0.3211775 0.24937 0.33811833281250003 0.22715187499999998 0.36353 0.217629375 0.3999533328125 0.217629375 0.4533175 0.22905625000000002 0.4846583328125 0.22143875 0.5337875000000001 0.222073125 0.57614 0.2239775 0.6244216671875 0.2252475 0.6820208328125 0.22461250000000002 0.7396208328125 0.230325625 0.778585 0.25698750000000004 0.792985 0.283015 0.7921375 0.309041875 0.7921375 0.331895 0.7718083328125 0.341416875 0.7548675 0.34395625 0.726915 0.342051875 0.6379741671875 0.33570375 0.5490341671875 0.32808625 0.49651750000000006 0.33253 0.47957583281250005 0.34459125 0.45247083281249995 0.34365125 0.4143533328125 0.30029062500000003 0.31141 0.304598125 0.2847541671875 0.28618875 0.27459 0.25317875 0.2712016671875 0.24619624999999998 0.2762841671875
9 0.4883875 0.3982591671875 0.47505625 0.3720008328125 0.445855 0.32795416718750003 0.44077687499999996 0.3110133328125 0.440141875 0.2906841671875 0.4388725 0.2712016671875 0.42427187499999997 0.2584958328125 0.41919312499999994 0.2576491671875 0.391261875 0.2635783328125 0.389991875 0.3194833328125 0.3392075 0.3830125 0.34619062500000003 0.4456941671875 0.3550775 0.5075291671875 0.34619062500000003 0.5270108328124999 0.34619062500000003 0.6430566671875 0.34301624999999997 0.755715 0.3550775 0.79722 0.38872249999999997 0.8048433328125 0.458525 0.8004358328125001 0.464265 0.7980674999999999 0.47378687499999994 0.47364666718750004 0.4883875 0.3982591671875
1 0.356981875 0.3482833328125 0.332859375 0.3194833328125 0.3227025 0.2839075 0.31952875000000003 0.2584958328125 0.287251871875 0.2526058828125 0.279535625 0.2661191671875 0.304928125 0.2847541671875 0.304928125 0.3237191671875 0.321433125 0.34913 0.350634375 0.37115333281249996 0.356981875 0.3482833328125
1 0.36967812499999997 0.3559066671875 0.374121875 0.3177891671875 0.362695625 0.30339 0.36333000000000004 0.28306 0.3563475 0.2542608328125 0.3338875 0.2542508328125 0.33032 0.3025425 0.340476875 0.33388333281250004 0.36967812499999997 0.3559066671875
9 0.48584812499999996 0.3855533328125 0.489656875 0.37454166718750004 0.49219625 0.35506000000000004 0.482039375 0.32626 0.452838125 0.3008483328125 0.45474249999999994 0.2898366671875 0.44026624999999997 0.25213416718750004 0.440141875 0.31440166718749996 0.45029874999999997 0.3313425 0.48584812499999996 0.3855533328125
0 0.5902499999999999 0.36309749999999996 0.54517875 0.366485 0.5337525000000001 0.43086166718749996 0.508995 0.4554258328125 0.52042125 0.5486016671875 0.50328125 0.59773 0.498203125 0.7730699999999999 0.5274043749999999 0.79594 0.59604 0.7805375 0.614670625 0.4562725 0.5841999999999999 0.4206966671875 0.5902499999999999 0.36309749999999996
30 0.77462875 0.4467333328125 0.751140625 0.6678141671875 0.73273125 0.8135066671875 0.884450625 0.8677175 0.939945625 0.8385416671874999 0.999375 0.5890383328125 0.99744625 0.4560508328125 0.77462875 0.4467333328125
30 0.9269825 0.4552041671875 0.933330625 0.4458866671875 0.929521875 0.41454583281249996 0.762566875 0.4094633328125 0.7612975 0.4297925 0.763201875 0.472145 0.7441575 0.49078 0.71686125 0.7465891671875 0.73909625 0.7496283328125 0.7708193750000001 0.4704508328125 0.779706875 0.4382633328125 0.9269825 0.4552041671875
31 0.983480625 0.8160475 0.95174 0.7753891671875001 0.94666125 0.8406125 0.985196875 0.8766475 0.9993506249999999 0.8804233328125 0.999375 0.8296008328125 0.983480625 0.8160475
31 0.9701493749999999 0.7931775 0.99744625 0.8177416671875 0.999375 0.7432016671875 0.999375 0.7304958328125 0.9771325 0.6983075000000001 0.9618968750000001 0.7288016671875 0.95491375 0.7618366671875 0.9701493749999999 0.7931775
31 0.9978987500000001 0.69882 0.99681125 0.604285 0.978401875 0.6915316671875 0.9978987500000001 0.69882
10 0.737236875 0.3196758328125 0.728984375 0.2985 0.735966875 0.27035333281249996 0.735966875 0.24578916718750002 0.68137375 0.23985916718750003 0.676295 0.27374166718750004 0.683278125 0.2847533328125 0.675025625 0.304235 0.620431875 0.37792916718749997 0.6153537499999999 0.4101166671875 0.62233625 0.45246916718749997 0.62233625 0.5015983328125 0.612179375 0.5930799999999999 0.603291875 0.6769375 0.5963093749999999 0.7396191671875 0.595674375 0.7692658328124999 0.60646625 0.7972191671875 0.615988125 0.8175483328125001 0.71528 0.8205475 0.715653125 0.7550600000000001 0.740410625 0.4992508328125 0.76389875 0.4662158328125 0.737236875 0.3196758328125
10 0.603421875 0.333035 0.594535 0.3923283328125 0.594535 0.4168933328125 0.6015175 0.43637499999999996 0.6161181250000001 0.4583983328125 0.6072306249999999 0.52108 0.6021525 0.5397158328125 0.603421875 0.605785 0.6021525 0.6727025 0.62691 0.48804499999999995 0.6186575000000001 0.42451666718750003 0.640875625 0.3550583328125 0.666268125 0.3160941671875 0.68150375 0.28390583281250004 0.681143125 0.2394325 0.644684375 0.2390125 0.640875625 0.2712 0.623735625 0.3110116671875 0.603421875 0.333035
10 0.567238125 0.3455458328125 0.5767599999999999 0.3582516671875 0.58945625 0.36164 0.60532625 0.328605 0.63008375 0.2989583328125 0.627545 0.2870991671875 0.6186575000000001 0.27693500000000004 0.624370625 0.2498291671875 0.61048875 0.2304983328125 0.579934375 0.23119416718750002 0.5856475 0.2752408328125 0.5520025000000001 0.3235225 0.567238125 0.3455458328125
0 0.49106125 0.4260158328125 0.49106125 0.5115675000000001 0.48280874999999995 0.6750483328125 0.48217375 0.7218741671875 0.49423500000000004 0.7371208328125001 0.501853125 0.5998991671875 0.513279375 0.5541583328125 0.50629625 0.4584416671875 0.529784375 0.4271008328125 0.545654375 0.362725 0.562794375 0.3398541671875 0.5628562500000001 0.338465 0.528515 0.34131083281249996 0.525340625 0.3785808328125 0.5189925 0.4065333328125 0.49106125 0.4260158328125