57 0 0.7098541671875 0.16343749999999999 0.7598691671875 0.2 0.7212500000000001 0.19343749999999998 0.7015183328125 0.19343749999999998 0.6298308328125 0.2359375 0.4130991671875 0.2646875 0.263055 0.2971875 0.0913366671875 0 0.02465 0 0.7098541671875
57 0.2621875 0.24138166718749998 0.2459375 0.3880916671875 0.20968749999999997 0.5364691671874999 0.19593750000000001 0.6381666671875 0.2265625 0.6170833328125 0.2671875 0.5831500000000001 0.3121875 0.0980058328125 0.2996875 0.0980058328125 0.2621875 0.24138166718749998
57 0.30343749999999997 0.3780891671875 0.3121875 0.35975 0.3246875 0.29306333281249997 0.3284375 0.0796666671875 0.3125 0.0691666671875 0.27468750000000003 0.5314683328124999 0.2921875 0.5247991671875 0.30343749999999997 0.3780891671875
20 0.2621875 0.7048533328125 0.43843750000000004 0.6881816671875 0.41968750000000005 0.5331349999999999 0.45218749999999996 0.3564158328125 0.3171875 0.3566666671875 0.3159375 0.374755 0.28718750000000004 0.5281333328125 0.2621875 0.7048533328125
22 0.4459375 0.3530816671875 0.4446875 0.4014291671875 0.43218750000000006 0.49812500000000004 0.43218750000000006 0.6181608328125 0.5009375 0.5964875000000001 0.4846875 0.5681458328125 0.47468750000000004 0.486455 0.48343749999999996 0.3464125 0.4734375 0.21970833281250002 0.3421875 0.1879166671875 0.3434375 0.3564158328125 0.3471875 0.35474833281249996 0.4459375 0.3530816671875
50 0.6684375 0.0679966671875 0.5071875 0.1180116671875 0.46218750000000003 0.08967 0.4609375 0.11134250000000001 0.48343749999999996 0.186365 0.48968749999999994 0.5197983328125 0.4884375 0.5664783328125 0.5034375 0.5748141671875 0.5984375 0.5691666671875 0.5846875 0.139685 0.6659375 0.151355 0.6684375 0.0679966671875
46 0.7571875 0.8082174999999999 0.7821875 0.8082174999999999 0.8371875 0.79488 0.9246874999999999 0.82989 0.9146875 0.8048825000000001 0.8946875000000001 0.7131891671874999 0.8971875 0.6181608328125 0.8859375 0.5181308328124999 0.8809374999999999 0.40476333281250004 0.8634375000000001 0.2547191671875 0.8609375 0.1163441671875 0.8321875000000001 0.1380175 0.7834375 0.13635 0.7059375 0.163025 0.6759375000000001 0.15302166718750002 0.6009375 0.1480208328125 0.5896874999999999 0.15969083281250002 0.5871875 0.23637999999999998 0.6046875 0.3397441671875 0.6046875 0.4764516671875 0.6021875 0.5898191671874999 0.5734375 0.7465325 0.55 0.7545833328125 0.5559375 0.77154 0.5946875 0.7848766671875 0.7571875 0.8082174999999999
46 0.7046875 0.0941666671875 0.717449375 0.13843 0.8159375000000001 0.1213458328125 0.7046875 0.0941666671875
46 0.9167925 0.4126608328125 0.9431212500000001 0.314005 0.9556587499999999 0.2120041671875 0.963180625 0.12338083281250001 0.8741656250000001 0.1434458328125 0.872911875 0.1768891671875 0.884195625 0.42603833281250003 0.91052375 0.7571225 0.945001875 0.7735533328125 0.93309125 0.6985975 0.911778125 0.548105 0.9167925 0.4126608328125
53 0.9468825000000001 0.7270241671875 0.94562875 0.7771883328125 0.999375 0.7688275 0.999375 0.27415 0.944375 0.2956108328125 0.9544050000000001 0.39761166718749996 0.9619275 0.5865641671875 0.9468825000000001 0.7270241671875
53 0.92933 0.6618108328125001 0.9318375 0.6969258328125 0.956911875 0.6367283328125 0.965688125 0.47620250000000003 0.9518975 0.34912 0.95315125 0.2822341671875 0.998285625 0.2553433328125 0.94939 0.2621683328125 0.924315 0.3875791671875 0.9193 0.48958 0.92933 0.6618108328125001