15 0.12250000000000001 0.8908333328125 0.12562500000000001 0.9125 0.135625 0.9275 0.151875 0.9366666671875 0.18562499999999998 0.9408333328125 0.216875 0.9349999999999999 0.23125 0.9283333328125 0.246875 0.9191666671875 0.27875 0.8883333328124999 0.294375 0.8550000000000001 0.29562499999999997 0.8366666671875 0.29 0.7933333328125001 0.288125 0.7483333328125 0.28312499999999996 0.7358333328125 0.27375 0.7258333328125001 0.255 0.7175 0.22125 0.7158333328125 0.20125 0.72 0.18562499999999998 0.7241666671875 0.1575 0.7383333328125 0.13874999999999998 0.7516666671875 0.123125 0.7675 0.11125 0.7858333328125 0.105625 0.8033333328125 0.105625 0.8183333328125 0.11125 0.8366666671875 0.11625 0.8724999999999999 0.12250000000000001 0.8908333328125
42 0.03125 0 0.057499999999999996 0.1808333328125 0.06 0.1833333328125 0.09875 0.1816666671875 0.273125 0.1675 0.275 0.16499999999999998 0.27375 0.1125 0.26625 0.048333332812500004 0.26375000000000004 0 0.03125 0
41 0.27 0 0.28375 0.16583333281249998 0.39249999999999996 0.1633333328125 0.4525 0.1575 0.45375 0.11499999999999999 0.45062499999999994 0 0.27 0
35 0.47000000000000003 0 0.46375 0.0633333328125 0.464375 0.13333333281249998 0.46687500000000004 0.155 0.49437499999999995 0.1566666671875 0.54875 0.1525 0.568125 0.15 0.5725 0.1458333328125 0.5725 0.06833333281250001 0.565625 0 0.47000000000000003 0
17 0.999375 0.1284833328125 0.999375 0.05500000000000001 0.9412499999999999 0.0516666671875 0.790625 0.0516666671875 0.76 0.060833332812499995 0.755 0.0691666671875 0.754375 0.1 0.75317875 0.12985 0.76240125 0.1387341671875 0.999375 0.1284833328125
19 0.583585625 0 0.588709375 0.1496675 0.716875 0.14250000000000002 0.75125 0.1375 0.7537499999999999 0.0466666671875 0.75125 0 0.6018749999999999 0 0.583585625 0
19 0.5743750000000001 0 0.5753874999999999 0.1517175 0.587684375 0.1510341671875 0.58461 0 0.5743750000000001 0
17 0.75875 0 0.755 0.0075 0.755 0.0491666671875 0.7575000000000001 0.0566666671875 0.785625 0.0508333328125 0.999375 0.052500000000000005 0.999375 0 0.795 0 0.75875 0
26 0.75125 0.6933333328125 0.7731250000000001 0.7125 0.7993750000000001 0.7216666671875 0.83375 0.7258333328125001 0.850625 0.7233333328125 0.869375 0.7150000000000001 0.8887499999999999 0.6816666671875 0.905625 0.6366666671875 0.9037499999999999 0.6133333328125 0.89 0.595 0.8643750000000001 0.5791666671875 0.8300000000000001 0.5683333328125 0.790625 0.5641666671875 0.75625 0.5700000000000001 0.7368750000000001 0.5791666671875 0.728125 0.5966666671875 0.7275 0.6083333328125 0.73375 0.6325000000000001 0.735 0.6566666671875 0.75125 0.6933333328125
26 0.74125 0.7633333328125 0.751875 0.7791666671875 0.77125 0.7941666671875 0.8 0.8066666671875 0.843125 0.8058333328125 0.865 0.7941666671875 0.881875 0.7633333328125 0.8887499999999999 0.7358333328125 0.89625 0.7216666671875 0.89625 0.7041666671875 0.89125 0.6900000000000001 0.885 0.6958333328124999 0.883125 0.7025 0.87625 0.705 0.87375 0.7183333328125 0.8618750000000001 0.7208333328125 0.853125 0.7291666671875 0.8262499999999999 0.7316666671875 0.805625 0.7275 0.79125 0.72 0.770625 0.7158333328125 0.7525000000000001 0.6991666671875 0.73625 0.6691666671875 0.733125 0.6583333328125 0.725625 0.6733333328125 0.725 0.6908333328125 0.729375 0.7041666671875 0.7318749999999999 0.7325 0.74125 0.7633333328125
28 0.94375 0.5758333328125 0.9525 0.5916666671875 0.969375 0.6066666671875 0.999375 0.6141666671875 0.999375 0.4734491671875 0.99117 0.47422166718750003 0.97060625 0.4765391671875 0.94625 0.49916666718749997 0.9375 0.5016666671875 0.93 0.5108333328125 0.93 0.5283333328125 0.9375 0.5408333328125 0.9393750000000001 0.5608333328125 0.94375 0.5758333328125
28 0.9243750000000001 0.6616666671875 0.93 0.67 0.9475 0.6849999999999999 0.9674206249999999 0.6963341671875 0.999375 0.7067633328125 0.999375 0.6183333328125 0.99375 0.62 0.98125 0.6125 0.96875 0.6091666671875 0.95699375 0.6024675 0.9375 0.5666666671875 0.920625 0.5716666671875 0.915 0.5758333328125 0.9106249999999999 0.585 0.9106249999999999 0.6033333328125 0.9168749999999999 0.6108333328125 0.9175000000000001 0.6383333328125 0.9243750000000001 0.6616666671875
28 0.915625 0.7316666671875 0.925 0.7474999999999999 0.945 0.7633333328125 0.961875 0.7708333328125 0.974375 0.775 0.999375 0.7766666671875 0.999375 0.7 0.95 0.6875 0.93875 0.6816666671875 0.934375 0.6733333328125 0.925 0.6658333328125 0.915625 0.6425 0.9075 0.6483333328125 0.9037499999999999 0.6566666671875 0.903125 0.6725 0.9075 0.6858333328125 0.9112500000000001 0.7175 0.915625 0.7316666671875
8 0.38158125 0.7266524999999999 0.40812499999999996 0.7258333328125001 0.43562500000000004 0.7166666671875 0.453125 0.7016666671875 0.4575 0.6900000000000001 0.459375 0.6633333328125001 0.459200625 0.623515 0.45398750000000004 0.6436016671875 0.43562500000000004 0.6558333328125 0.40625 0.6675 0.366875 0.6675 0.344375 0.6558333328125 0.338426875 0.6439874999999999 0.34249999999999997 0.6991666671875 0.34500000000000003 0.7091666671875 0.35375 0.7183333328125 0.38158125 0.7266524999999999
8 0.39625 0.7791666671875 0.42125 0.7741666671874999 0.445 0.76 0.459375 0.7375 0.462096875 0.7216308328125 0.45978 0.6984533328125 0.45978 0.6864791671875 0.45427687499999997 0.7030891671874999 0.44153374999999995 0.7127458328125 0.425 0.7183333328125 0.410625 0.7241666671875 0.3875 0.7258333328125001 0.365 0.7224999999999999 0.34562499999999996 0.7075 0.34875 0.7483333328125 0.356875 0.7633333328125 0.3725 0.775 0.39625 0.7791666671875
8 0.34187500000000004 0.6016666671875 0.35812499999999997 0.6091666671875 0.380625 0.6125 0.4125 0.6116666671875 0.43499999999999994 0.6025 0.45311874999999996 0.5872041671875 0.456015 0.5748433328125 0.45562500000000006 0.52 0.45125000000000004 0.5091666671875 0.440625 0.5016666671875 0.41187500000000005 0.49583333281249997 0.3775 0.49749999999999994 0.353125 0.5058333328125 0.338125 0.5166666671875 0.33125 0.5283333328125 0.32999999999999996 0.5375 0.335 0.5891666671875 0.3375 0.5974999999999999 0.34187500000000004 0.6016666671875
8 0.39722124999999997 0.66871 0.43371375 0.6575075 0.456015 0.6412841671875 0.45891125 0.6250600000000001 0.458331875 0.5794791671875 0.453408125 0.5887491671875 0.445878125 0.59493 0.431396875 0.6030416671875 0.41112312500000003 0.6096091671874999 0.37984375 0.61463 0.355804375 0.6088358328125001 0.341323125 0.6018833328125 0.333793125 0.5894841671875 0.3381375 0.6412841671875 0.34392999999999996 0.6559625 0.3610175 0.6667783328125 0.39722124999999997 0.66871
16 0.585984375 0.7569466671875 0.605968125 0.7720116671875 0.635799375 0.7797375 0.661865625 0.7828275 0.67924375 0.7770333328125 0.7044406249999999 0.762355 0.7108125000000001 0.7519250000000001 0.713419375 0.6816216671875 0.7032825 0.6619216671875 0.687063125 0.648015 0.65201875 0.6352683328125 0.61697375 0.6364266671875 0.5833775 0.6499466671875 0.5743993749999999 0.6684883328125 0.574978125 0.7357016671875 0.57642625 0.7414958328125001 0.585984375 0.7569466671875
16 0.6276900000000001 0.8438599999999999 0.662155625 0.8465641671874999 0.689959375 0.8369075 0.701834375 0.8195241671875 0.708785 0.8033008328125 0.7096543750000001 0.7538566671875 0.701834375 0.7689216671875 0.68677375 0.78051 0.669975625 0.7847591671874999 0.648543125 0.7863041671875 0.62682125 0.7839866671875 0.608575 0.7731708328125 0.587721875 0.7615825 0.575268125 0.7410541671875001 0.57468875 0.7959616671874999 0.583088125 0.812185 0.603940625 0.8330441671875001 0.6276900000000001 0.8438599999999999