5 0.1417158328125 0 0.1341275 0.01708625 0.13868 0.08540375 0.1341275 0.09679 0.1332733328125 0.16049750000000002 0.208495 0.16169125 0.2164625 0.15855999999999998 0.21191 0.1107375 0.21191 0.07515625000000001 0.2153241671875 0.04299 0.2164625 0.0205025 0.2058391671875 0 0.1417158328125 0
5 0.2176008328125 0.159983125 0.21949833281250003 0.15969875 0.21722166718749997 0.102198125 0.2187391671875 0.06747 0.2198775 0.051814375 0.22481 0.034450625 0.2186441671875 0.02248125 0.21456583281250002 0.04384375 0.21153 0.084265 0.2176008328125 0.159983125
2 0.2860875 0.030330625 0.2735666671875 0.018375 0.2731875 0.006135 0.2640808328125 0.0012956250000000001 0.24586833281249998 0.0030037500000000003 0.2432125 0.018944375 0.23145 0.024353125 0.21968833281250003 0.0414325 0.2167475 0.16085312499999999 0.287985 0.163549375 0.2959525 0.162125625 0.2967116671875 0.055665 0.2860875 0.030330625
2 0.29709083281250004 0.16269499999999998 0.3414841671875 0.16184125 0.3752525 0.164403125 0.3790475 0.043994375 0.3631108328125 0.020652499999999997 0.3524875 0.014674375 0.35362583281250004 0.00101125 0.3263066671875 0 0.3266866671875 0.0123975 0.30316166718750004 0.028907500000000003 0.2997466671875 0.059935 0.29709083281250004 0.16269499999999998
2 0.39156833281250003 0.084130625 0.3808491671875 0.06374375 0.37411500000000003 0.163264375 0.3892916671875 0.164118125 0.39156833281250003 0.084130625
56 0.4956541671875 0.0057975 0.48717499999999997 0.00011750000000000001 0.47596999999999995 0.00011750000000000001 0.4665825 0.005115625 0.4635541671875 0.01965625 0.44689833281249997 0.03237875 0.44144750000000005 0.046691250000000004 0.4402366671875 0.163868125 0.5123091671875 0.16619250000000002 0.5147316671875 0.041011874999999996 0.49535083281250003 0.0203375 0.4956541671875 0.0057975
56 0.43963083281250004 0.106669375 0.42691166718750007 0.11916437499999999 0.4262308328125 0.163868125 0.4275175 0.16346624999999998 0.43963083281250004 0.1646025 0.43963083281250004 0.106669375
56 0.5880166671875 0.071455 0.5886216671875 0.048736249999999995 0.5837766671875 0.033741875 0.5668183328125 0.02306375 0.5677266671875 0.008750625 0.5583391671875 0.00398 0.54986 0.0037525 0.5413808328124999 0.0073875 0.5395641671875 0.023518125 0.5235141671875 0.032833125000000005 0.5174575 0.046464375 0.5132933328125 0.165003125 0.57984 0.16891875 0.5837766671875 0.165056875 0.5880166671875 0.071455
56 0.5174575 0.06478625 0.5147316671875 0.068274375 0.5117033328125 0.167783125 0.5147316671875 0.167555625 0.5174575 0.06478625
13 0.8674508328125 0.173803125 0.8722958328124999 0.14699500000000001 0.8735075 0.07043812499999999 0.8768383328124999 0.06066875000000001 0.86412 0.038404375000000004 0.8517041671875001 0.027499375 0.8441333328124999 0.021365000000000002 0.84383 0.011141874999999999 0.8353508328125001 0.00796125 0.8235408328125 0.010005625 0.8093083328124999 0.02590875 0.7953775000000001 0.030906875 0.7844758328125 0.028408125 0.7723633328124999 0.015231249999999998 0.7729683328125 0.006598125000000001 0.7678208328125 0.005235 0.7563133328125 0.0075068750000000005 0.7487425 0.014549375 0.7314808328125 0.020910625 0.7121000000000001 0.015458125 0.7102833328125 0.00614375 0.7015008328125 0.004553125 0.6875708328125001 0.00796125 0.6772750000000001 0.024425 0.6742466671875 0.0241975 0.6624366671875 0.03623875 0.65002 0.040328125 0.6421466671875 0.051233125000000004 0.6448725 0.06690937500000001 0.6400266671875 0.08531125 0.6418441671874999 0.0953075 0.64033 0.100760625 0.6376041671875 0.12756875 0.63927 0.1586575 0.6404816671875 0.16865375 0.6616791671875 0.169108125 0.8674508328125 0.173803125
13 0.6165575 0.16020875 0.6156491671875 0.16361625 0.616255 0.167705625 0.6389675 0.16929624999999998 0.6374533328124999 0.131219375 0.6310933328125 0.13817125 0.6211 0.14498687500000002 0.6150441671875 0.15521000000000001 0.6165575 0.16020875
12 0.1131541671875 0.32761687500000003 0.1154708328125 0.334220625 0.10875333281249999 0.359245 0.110375 0.371583125 0.1177875 0.379055625 0.15577583281250001 0.377491875 0.1580916671875 0.37207875 0.1594816671875 0.360783125 0.1573975 0.3487925 0.15276416718750002 0.33610625 0.15716583281250002 0.332456875 0.1529958328125 0.322551875 0.1476683328125 0.31855500000000003 0.15067999999999998 0.317685625 0.1503525 0.297243125 0.1332083328125 0.295956875 0.12129333281250002 0.2957975 0.120335 0.31493125 0.1205666671875 0.31666875 0.1131541671875 0.32761687500000003
52 0.2095733328125 0.29995375 0.2056358328125 0.31646312499999996 0.20239250000000003 0.35121875 0.2054041671875 0.3812825 0.2491833328125 0.38163 0.2533525 0.3571275 0.2540475 0.32549937500000004 0.24733 0.301691875 0.23922249999999998 0.2923075 0.2426975 0.28900562500000004 0.2438558328125 0.27110625 0.2424658328125 0.266935625 0.2267141671875 0.265371875 0.2174491671875 0.26584625 0.2158275 0.28414 0.2146691671875 0.2916125 0.2095733328125 0.29995375
52 0.2030875 0.38058749999999997 0.20494083281250003 0.338706875 0.2052883328125 0.31383875 0.1972966671875 0.341486875 0.19637 0.362514375 0.198455 0.379545 0.2030875 0.38058749999999997
44 0.2519625 0.381055625 0.3763516671875 0.3857475 0.389555 0.3843575 0.3921033328125 0.34210124999999997 0.3955775 0.26876625 0.3900183328125 0.264943125 0.34693416718750003 0.255733125 0.27952750000000004 0.2508675 0.26088083281249996 0.25346812500000004 0.2533525 0.31936375 0.2542791671875 0.357769375 0.2519625 0.381055625
45 0.38961250000000003 0.385094375 0.41208166718749994 0.385615625 0.527205 0.38856999999999997 0.5320691671875 0.35842375 0.5334591671875 0.317411875 0.537165 0.24960875 0.5283633328125 0.246480625 0.5177075 0.239703125 0.5049675 0.239703125 0.49639749999999994 0.23501124999999998 0.47925583281249995 0.23588 0.4542391671875 0.23588 0.43455000000000005 0.23535875 0.423895 0.240050625 0.4018891671875 0.235444375 0.3954033328125 0.248479375 0.39401416718750004 0.268985625 0.39239250000000003 0.351356875 0.38961250000000003 0.385094375
54 0.6311516671875 0.36290187500000004 0.6192808328125 0.309124375 0.6181225 0.3007825 0.6165008328125 0.288965625 0.61349 0.287401875 0.5919475000000001 0.287054375 0.5358916671875 0.28184062499999996 0.530795 0.353438125 0.5389025000000001 0.37759312500000003 0.529 0.38788999999999996 0.6445866671875 0.39035875 0.6404175000000001 0.387751875 0.6332366671874999 0.374545 0.6311516671875 0.36290187500000004
36 0.6615966671875 0.391565 0.6637666671875 0.3245625 0.638185 0.327521875 0.6341175 0.37528937500000004 0.6453258328125 0.3921075 0.6615966671875 0.391565
36 0.6691900000000001 0.316425 0.6630433328125 0.32277625 0.6590658328125001 0.38831000000000004 0.6652125 0.389395 0.6691900000000001 0.316425
36 0.7577766671874999 0.311270625 0.7613925 0.304489375 0.752715 0.30231875 0.7086025 0.29960624999999996 0.68293 0.303133125 0.6709983328125 0.306930625 0.6698233328125001 0.31531875 0.6659358328125 0.39020875 0.752715 0.39265 0.7577766671874999 0.311270625
37 0.80429 0.3926625 0.8062975 0.325183125 0.8083058328125 0.32081499999999996 0.7816025 0.3178025 0.7574099999999999 0.318135 0.753495 0.39175875 0.7695566671875 0.392813125 0.80429 0.3926625
27 0.8443441671875 0.39100562499999997 0.8465524999999999 0.3286475 0.8447458328125 0.32307437499999997 0.8337033328125001 0.321568125 0.8108650000000001 0.323969375 0.8053941671875 0.391306875 0.8405291671875 0.393114375 0.8443441671875 0.39100562499999997
25 0.18029 0.53049875 0.3009083328125 0.5365893749999999 0.3048516671875 0.5355456249999999 0.3132025 0.537981875 0.3280475 0.533109375 0.3299033328125 0.52962875 0.3278158328125 0.5263225 0.3220166671875 0.5209275 0.3254958328125 0.52075375 0.3222483328125 0.48507937500000003 0.29209416718750003 0.47794437500000003 0.2563725 0.47498625 0.19977416718750002 0.477248125 0.1944391671875 0.47951062499999997 0.1983825 0.48212124999999995 0.193975 0.492388125 0.18956833281250002 0.496216875 0.1898 0.498653125 0.1710116671875 0.5103125000000001 0.1568616671875 0.52075375 0.1539625 0.52543 0.1538466671875 0.5271925000000001 0.1733308328125 0.528410625 0.18029 0.53049875
25 0.1830733328125 0.555200625 0.1942075 0.55467875 0.1983825 0.555896875 0.2559083328125 0.55955125 0.2579958328125 0.5614656250000001 0.3097225 0.5661637500000001 0.3150575 0.565468125 0.31992916718750003 0.561639375 0.3173775 0.53727625 0.3127383328125 0.53779875 0.3062433328125 0.535188125 0.30299583281250003 0.535884375 0.17866583281249998 0.5308375 0.1673 0.536754375 0.15639833281249998 0.542845 0.1519325 0.5517425 0.1575575 0.55467875 0.17124333281249998 0.5522425 0.1830733328125 0.555200625
25 0.2226 0.577134375 0.2285141671875 0.575130625 0.23557333281249998 0.574558125 0.3109333328125 0.57641875 0.3137958328125 0.574271875 0.3168483328125 0.57355625 0.31246 0.56597 0.1939816671875 0.55409 0.1792908328125 0.5538037499999999 0.170515 0.55265875 0.1569691671875 0.5546625 0.1502916671875 0.5591 0.1487658328125 0.56339375 0.14309 0.568816875 0.1481933328125 0.570550625 0.1527716671875 0.574271875 0.2226 0.577134375
25 0.15143666718749998 0.5928424999999999 0.2061925 0.5944168750000001 0.23557333281249998 0.5939875 0.2598033328125 0.59255625 0.2670525 0.593271875 0.28327 0.592413125 0.2924275 0.5906956250000001 0.2970066671875 0.587975625 0.30025 0.58124875 0.2880391671875 0.576525625 0.23481000000000002 0.57566625 0.2254616671875 0.577098125 0.1533441671875 0.57452125 0.1476208328125 0.570084375 0.14056166718750002 0.5699412500000001 0.121865 0.5826800000000001 0.12258 0.588670625 0.1348383328125 0.59026625 0.146285 0.5916975 0.15143666718749998 0.5928424999999999
39 0.4402858328125 0.6017750000000001 0.49237916718749997 0.599629375 0.5074958328125 0.5938049999999999 0.5083641671875 0.568371875 0.5097941671874999 0.504155625 0.50959 0.48079124999999995 0.5059133328125001 0.47925874999999996 0.47261416718750004 0.47818562499999995 0.4431975 0.4780325 0.38804 0.47634687500000006 0.3539241671875 0.47573375 0.3430975 0.47726625 0.3347216671875 0.480944375 0.3357941671875 0.595849375 0.3561208328125 0.600241875 0.4137291671875 0.6011618750000001 0.41965333281249995 0.5967175 0.4402858328125 0.6017750000000001
39 0.5087733328125 0.584661875 0.5155141671875 0.584355 0.5226641671875 0.58083 0.5257283328125 0.50616125 0.5271583328125 0.477501875 0.5240941671875 0.473670625 0.5050958328124999 0.47137124999999996 0.40560916718750006 0.471525 0.38947 0.471065 0.3769066671875 0.47615125 0.50244 0.47845250000000006 0.5097941671874999 0.48182437499999997 0.5087733328125 0.584661875
40 0.62984 0.541360625 0.6311616671875 0.48244999999999993 0.6241108328125 0.477894375 0.6098116671875 0.47569062500000003 0.55144 0.47495562500000005 0.53342 0.47613125 0.5275433328125 0.49112 0.5298941671875 0.509489375 0.5298941671875 0.5387325 0.5318041671875 0.59592875 0.5416958328125 0.604549375 0.6280766671875 0.60337375 0.6288608328125 0.5448875 0.62984 0.541360625
47 0.6383191671875 0.607548125 0.6688799999999999 0.61134125 0.73202 0.612855625 0.7423991671875 0.61026 0.749895 0.61134125 0.7703658328125 0.614153125 0.8415783328125 0.61458625 0.8539758328125 0.614369375 0.9329725 0.6176143749999999 0.9450816671875 0.61545125 0.96065 0.49108 0.9502708328124999 0.48632187499999996 0.9038533328125 0.48113062500000003 0.649275 0.47875125 0.6375266671875 0.483064375 0.6328416671875 0.49377562499999994 0.6273633328125 0.5947862500000001 0.6383191671875 0.607548125
47 0.8424433328125 0.47480874999999995 0.6397608328125 0.47113187500000003 0.6256333328125 0.47437625 0.6296700000000001 0.48043250000000004 0.6332016671875 0.48846999999999996 0.6455266671875 0.47956750000000004 0.8565699999999999 0.48064937499999993 0.8542641671875 0.47718812499999996 0.8424433328125 0.47480874999999995
48 0.1843741671875 0.8255174999999999 0.2189716671875 0.82486875 0.2377116671875 0.822489375 0.25904666718749997 0.822489375 0.2864366671875 0.817298125 0.2985458328125 0.8058343750000001 0.2976808328125 0.773173125 0.2968158328125 0.752625 0.2999866671875 0.72364125 0.3025816671875 0.68903375 0.2999866671875 0.679084375 0.28787833281249997 0.676705 0.2552991671875 0.67778625 0.22531500000000002 0.680165625 0.2129175 0.685573125 0.1999433328125 0.679516875 0.1480475 0.67605625 0.1252708328125 0.68362625 0.1114316671875 0.7011462500000001 0.11316166718750001 0.8184950000000001 0.1252708328125 0.8268150000000001 0.1503541671875 0.8311412499999999 0.1843741671875 0.8255174999999999
48 0.3031583328125 0.68050625 0.3195925 0.6785593750000001 0.3337191671875 0.6783431249999999 0.3371791671875 0.66385125 0.32737666718749997 0.6562806250000001 0.30777166718750004 0.65260375 0.2723091671875 0.6541175 0.25587583281250004 0.65844375 0.24088333281250002 0.6560643749999999 0.2028266671875 0.654983125 0.1866808328125 0.65757875 0.1725541671875 0.663635 0.1679408328125 0.673619375 0.21435916718749998 0.684831875 0.2232966671875 0.679640625 0.2887425 0.67639625 0.3031583328125 0.68050625
48 0.2552991671875 0.6590925000000001 0.2740391671875 0.65390125 0.30806 0.65217125 0.327665 0.6554156250000001 0.3366025 0.661255625 0.3397741671875 0.64849375 0.344675 0.6396256250000001 0.3311241671875 0.632704375 0.281535 0.63465125 0.2711558328125 0.63724625 0.25328083281249997 0.633785625 0.22243166718750002 0.632488125 0.2132058328125 0.6353 0.20369166718749998 0.6340018749999999 0.1907175 0.645033125 0.1895641671875 0.6568612500000001 0.2091691671875 0.65390125 0.24001833281249998 0.6560643749999999 0.2552991671875 0.6590925000000001
34 0.3003475 0.816919375 0.30496 0.819515 0.3303316671875 0.8240575 0.4401783328125 0.8225431249999999 0.4498366671875 0.81914125 0.46194499999999994 0.8182756250000001 0.4743425 0.806811875 0.4783791671875 0.709910625 0.4772258328125 0.686983125 0.46742333281250004 0.680494375 0.45127750000000005 0.679629375 0.426195 0.678115 0.41033749999999997 0.680278125 0.3875616671875 0.6817918749999999 0.361325 0.6774662499999999 0.3330708328125 0.6776825 0.31375416718750004 0.680061875 0.3045275 0.685511875 0.30236583281249996 0.6864925000000001 0.2986175 0.804806875 0.3003475 0.816919375
34 0.42749249999999994 0.678123125 0.4675675 0.6813675 0.4704508328125 0.678771875 0.4692975 0.672715625 0.47564 0.6580075 0.4569 0.6521675 0.42518583281250005 0.6571425 0.3877058328125 0.65735875 0.34820666718750004 0.660603125 0.33804416718749997 0.673889375 0.34071083281250003 0.677041875 0.36291083281250003 0.677690625 0.3879941671875 0.682233125 0.42749249999999994 0.678123125
34 0.3472958328125 0.661076875 0.3580666671875 0.658674375 0.3967841671875 0.6582375 0.41861750000000003 0.654525 0.43492 0.65518 0.45442416718749995 0.6525593749999999 0.45937333281250003 0.65365125 0.4721816671875 0.657145625 0.47422000000000003 0.650156875 0.4698533328125 0.642294375 0.41716166718750003 0.63749 0.399695 0.6385818750000001 0.3691291671875 0.6388 0.3478775 0.64273125 0.34205583281249996 0.649065 0.3376833328125 0.665780625 0.33798 0.66697375 0.3403091671875 0.672651875 0.3472958328125 0.661076875
33 0.5725425000000001 0.8086987499999999 0.6383333328125 0.80695125 0.6380425 0.7492943750000001 0.6376783328125 0.663636875 0.63273 0.6527168750000001 0.60915 0.64944125 0.5762541671875 0.6496593749999999 0.5561675 0.65315375 0.518905 0.6485675 0.4801875 0.6546825000000001 0.4766216671875 0.67040375 0.4783683328125 0.6872206249999999 0.47705833281250004 0.807614375 0.48870250000000004 0.812193125 0.5617716671874999 0.80935375 0.56148 0.806733125 0.5725425000000001 0.8086987499999999
33 0.5649733328125001 0.6496225 0.6170825 0.6511512500000001 0.6357133328125 0.657484375 0.6389158328125 0.741349375 0.6441558328125 0.67364625 0.6470666671874999 0.6400125 0.6415358328125 0.63761 0.5000558328125 0.635645 0.4956891671875 0.64263375 0.4952525 0.6520525 0.5149025 0.648093125 0.5576958328125 0.653335 0.5649733328125001 0.6496225
32 0.72523 0.810558125 0.7808325 0.815145 0.7953883328125 0.81186875 0.8087791671875 0.8158 0.8399283328125 0.8184206250000001 0.8734058328125001 0.816455 0.8815566671875 0.80881125 0.8899991671875 0.6965543750000001 0.8728233328125 0.67820875 0.65449 0.672530625 0.6426275 0.67907125 0.639935 0.7959231250000001 0.6600216671875 0.808371875 0.72523 0.810558125
32 0.7232649999999999 0.6749375 0.7957516671875 0.6773399999999999 0.8359249999999999 0.676903125 0.8405833328125001 0.6550631250000001 0.833305 0.648293125 0.8146741671875001 0.63999375 0.652525 0.64327 0.644665 0.645671875 0.6477216671875 0.654235625 0.6481583328125 0.673626875 0.6991033328125 0.673626875 0.7232649999999999 0.6749375