19 0 0.25494333281250003 0.00044625000000000003 0.5667641671875 0.08339125 0.5198216671875 0.028808125 0.2616008328125 0.003478125 0.2539925 0 0.25494333281250003
19 0.14618 0.3809625 0.120136875 0.2416283328125 0.100515625 0.2416283328125 0.09766125 0.2178508328125 0.07982375 0.2183266671875 0.058061875 0.2278375 0.059845625 0.23734833281249998 0.004459375 0.24865750000000003 0.03201875 0.2609858328125 0.06484 0.43612583281250006 0.14618 0.3809625
17 0.33633 0.5166299999999999 0.39448125 0.4681241671875 0.42837312499999997 0.407255 0.404470625 0.3929883328125 0.306719375 0.3787216671875 0.20326062500000003 0.3425808328125 0.06198625 0.4389266671875 0.23001749999999999 0.49713250000000003 0.31064375 0.5213858328125001 0.33633 0.5166299999999999
17 0.315281875 0.5979483328125 0.342038125 0.5713174999999999 0.34953 0.5613316671875 0.3256275 0.5499183328125 0.353454375 0.5175808328125 0.093201875 0.4597375 0.03308875 0.5104483328125 0.07982375 0.5308966671875 0.261055 0.5889125 0.315281875 0.5979483328125
14 0.76506 0.4676475 0.787891875 0.43863916718749996 0.74650875 0.41248416718750003 0.6516118750000001 0.3963158328125 0.496780625 0.3934625 0.44184062500000004 0.3791966671875 0.41900812500000006 0.4353108328125 0.377624375 0.48714500000000005 0.325984375 0.5471425 0.37191625 0.5660858328125 0.5638506249999999 0.5851075 0.75114625 0.6107866671875 0.76506 0.4676475
14 0.562423125 0.6512083328125 0.655179375 0.6754608328125 0.7383031250000001 0.6688033328125 0.721179375 0.6122133328125 0.506413125 0.57845 0.41258625000000004 0.5722674999999999 0.36121375 0.5637908328125001 0.328749375 0.60508 0.3476575 0.61792 0.46824000000000005 0.6283816671875 0.562423125 0.6512083328125
14 0.726886875 0.4082041671875 0.754000625 0.35779666718750003 0.47430500000000003 0.3069133328125 0.43345687499999996 0.3901708328125 0.494996875 0.3934625 0.57883375 0.386805 0.726886875 0.4082041671875
17 0.270955 0.2969266671875 0.21628250000000002 0.3491433328125 0.42828375 0.403925 0.4646725 0.3140466671875 0.270955 0.2969266671875
8 0.007365625000000001 0.7647691671875 0.015496874999999998 0.7718383328125 0.038359375 0.7743516671874999 0.068410625 0.7592708328125 0.09033 0.7368075000000001 0.062046875 0.72534 0.009575 0.7047675 0 0.7199991671875 0.00029437500000000004 0.740735 0.005361875 0.7518875 0.007365625000000001 0.7647691671875
8 0.07300625 0.7935158328125 0.102704375 0.7611558328125 0.10329312500000001 0.7523591671875 0.09516187499999999 0.7375933328125 0.09068375 0.7368075000000001 0.06664250000000001 0.7609991671875 0.041659375 0.7724666671875 0.01950375 0.7735658328125 0.008691250000000001 0.7672266671875 0.02127125 0.7982291671875 0.0299925 0.8046691671874999 0.05250125 0.8040408328125 0.07300625 0.7935158328125
16 0.0411875 0.8748716671875 0.049790625 0.899535 0.071474375 0.9092741671875 0.10894999999999999 0.8945074999999999 0.123209375 0.8824116671875 0.119320625 0.8574350000000001 0.12839499999999998 0.82696 0.13794062499999998 0.8118791671875 0.13334437500000001 0.7902016671875 0.11979187499999999 0.78219 0.092805 0.7818758328125 0.07831 0.788945 0.0773375 0.7894216671875001 0.055918749999999996 0.8074808328125 0.039773750000000004 0.8302591671874999 0.033645625 0.852565 0.0411875 0.8748716671875
16 0.10070062500000002 0.9373691671875 0.128276875 0.9186758328125 0.132401875 0.9139633328125001 0.13346249999999998 0.8962125000000001 0.12368125 0.8852166671875 0.0902125 0.9037525000000001 0.06664250000000001 0.9067375 0.050821875 0.8994125000000001 0.0598075 0.9288866671875 0.07041375 0.9359558328125 0.081845 0.93894 0.10070062500000002 0.9373691671875
26 0.1567375 0.9272625 0.19494375 0.9281833328125 0.222793125 0.9103891671875 0.2368325 0.8907541671875 0.228546875 0.8637558328124999 0.2368325 0.8315425 0.247189375 0.820805 0.241665625 0.7944208328125 0.195634375 0.7766266671875 0.161570625 0.7876708328124999 0.136023125 0.8143625 0.12060249999999999 0.8465758328125 0.12112062500000001 0.8566483328125001 0.12198374999999999 0.8824708328125 0.13280125 0.8953558328125 0.141316875 0.9122299999999999 0.1567375 0.9272625
26 0.16916625000000002 0.9714408328124999 0.197245625 0.9760433328125 0.23153875 0.9573283328125 0.24557875 0.9380008328124999 0.23821374999999997 0.9079349999999999 0.24051499999999998 0.8959699999999999 0.2370625 0.8916741671875 0.21473749999999997 0.9171383328125 0.190570625 0.9281833328125 0.15696749999999998 0.9248083328125001 0.13349187499999998 0.8999941671875 0.13349187499999998 0.9180591671875 0.143388125 0.9413750000000001 0.15075375 0.9511925 0.16916625000000002 0.9714408328124999
28 0.239076875 0.8947425000000001 0.26807625 0.9291033328125 0.29132250000000004 0.9343191671875 0.330219375 0.9122299999999999 0.343338125 0.8735733328125 0.3500125 0.8376783328125 0.26439375 0.8048624999999999 0.237925625 0.8312358328125 0.228719375 0.8631425 0.239076875 0.8947425000000001
28 0.28741 0.977895 0.31364749999999997 0.9736 0.33137 0.9579533328125001 0.346560625 0.9331033328125 0.350473125 0.9042641671875 0.35415562500000003 0.8791074999999999 0.347250625 0.8508816671874999 0.34587 0.8545633328125 0.33666375 0.90181 0.32607624999999996 0.9168424999999999 0.296385625 0.9352508328125 0.2692275 0.9309558328125 0.25058437499999997 0.9107066671874999 0.239939375 0.8953908328125 0.239766875 0.9217516671875 0.253806875 0.9484425 0.273830625 0.9720658328124999 0.28741 0.977895
28 0.32193375 0.9991666671875 0.321013125 0.9803491671875 0.353005 0.9306483328124999 0.35438562500000004 0.8999691671875001 0.3419575 0.9438408328125 0.3129575 0.9726791671875 0.27705250000000003 0.9763608328125001 0.2514475 0.944875 0.24989374999999997 0.9628625 0.255648125 0.9849516671874999 0.26784625 0.9991666671875 0.32193375 0.9991666671875
49 0.321818125 0.9792758328125 0.321645625 0.9989625 0.537936875 0.9991666671875 0.354040625 0.9258933328125 0.321818125 0.9792758328125
49 0.349206875 0.8583983328125001 0.35542125 0.8863166671875 0.593116875 0.9982975 0.6911643749999999 0.9991666671875 0.6955375 0.9737533328125 0.348746875 0.8384566671875 0.34483437499999997 0.8516491671875001 0.349206875 0.8583983328125001
49 0.376308125 0.9126533328124999 0.36577875 0.9326433328125001 0.5317225 0.9991666671875 0.5892618749999999 0.9991666671875 0.376308125 0.9126533328124999
41 0.059070625 0.22907833281249998 0.07394625 0.2189333328125 0.09504875 0.2203166671875 0.099200625 0.2406066671875 0.1182275 0.24660166718749998 0.146595 0.3766425 0.16700625 0.36741999999999997 0.128951875 0.142845 0.059762499999999996 0.1419233328125 0.000259375 0.1612908328125 0.003373125 0.2475241671875 0.057340625 0.2387625 0.059070625 0.22907833281249998