31 0.61735375 0.5505875 0.621778125 0.5840416671875001 0.59670625 0.6293025 0.5908075 0.6548849999999999 0.6188281250000001 0.7001458328125 0.6438993749999999 0.7355674999999999 0.999375 0.7296633328125 0.999375 0.5710033328125 0.8769162500000001 0.5289408328125 0.78842875 0.5328766671875 0.6468493750000001 0.53878 0.61735375 0.5505875
31 0.593756875 0.830025 0.6601225000000001 0.8497033328124999 0.9948987499999999 0.8398641671875 0.9793375 0.730845 0.6203031250000001 0.7080175 0.608505 0.7060491671875 0.59818125 0.7729566671875 0.593756875 0.830025
31 0.6483237500000001 0.9126749999999999 0.999375 0.9461291671875 0.999375 0.8439641671875 0.576059375 0.8241216671875 0.559836875 0.8536391671875 0.583433125 0.8772541671875 0.6483237500000001 0.9126749999999999
30 0.46017937499999995 0.8536391671875 0.5864962499999999 0.8169141671875 0.62683 0.43645083281249997 0.361368125 0.38922249999999997 0.3657925 0.7887 0.46017937499999995 0.8536391671875
30 0.617849375 0.40378499999999995 0.606183125 0.3793833328125 0.39381374999999996 0.36364 0.38938937500000004 0.3833183328125 0.617849375 0.40378499999999995
10 0.327448125 0.1983391671875 0.3333475 0.1806283328125 0.28025500000000003 0.1688208328125 0.277305625 0.20227499999999998 0.28025500000000003 0.2376966671875 0.23896125000000001 0.3262508328125 0.22421312499999999 0.40103 0.231586875 0.43841916718749996 0.2301125 0.7611491671875 0.361488125 0.7529775 0.361368125 0.3695433328125 0.38054062499999997 0.377415 0.34219625 0.24950333281249998 0.327448125 0.1983391671875
0 0.21831375 0.3695433328125 0.213889375 0.2967325 0.17407062499999998 0.2987 0.16964625 0.3478975 0.13572625 0.4089008328125 0.14752437499999999 0.6076558328125 0.14604937499999998 0.737535 0.206564375 0.7406816671875001 0.234536875 0.7454066671875 0.231586875 0.38528666718750004 0.21831375 0.3695433328125
9 0 0.7493425 0.029799375 0.7493425 0.081416875 0.7591816671875 0.13745875000000002 0.7178566671875 0.14040875 0.6627558328125 0.134509375 0.5466516671874999 0.11976125 0.4777766671875 0.10501374999999999 0.4128366671875 0.11681187500000001 0.3931583328125 0.11828687499999999 0.3518325 0.10943812500000001 0.3124758328125 0.057820625 0.2593433328125 0.057820625 0.229825 0.031274375 0.1924358328125 0 0.1849241671875 0 0.7493425
9 0.12418562500000001 0.3321541671875 0.10796312500000001 0.42267583281250004 0.1109125 0.4659691671875 0.135984375 0.48761583281250004 0.13303437499999998 0.42858 0.134509375 0.39906166718749997 0.15810625 0.3478975 0.149256875 0.3144433328125 0.1109125 0.2613108328125 0.10796312500000001 0.21408166718750002 0.06455125 0.1996791671875 0.063719375 0.2554075 0.09469 0.2927966671875 0.12418562500000001 0.3321541671875
9 0.164536875 0.2927966671875 0.191083125 0.28689333281249996 0.18813312499999998 0.28295750000000003 0.17338562500000002 0.2376966671875 0.164536875 0.20817833281250003 0.132238125 0.1996791671875 0.11734375 0.23376083281249999 0.13209125 0.2790216671875 0.164536875 0.2927966671875
10 0.4147425 0.3301866671875 0.385246875 0.2750858328125 0.37049875 0.2416325 0.36902375 0.20424250000000002 0.34673375 0.19722 0.342478125 0.2376966671875 0.37344875 0.3715116671875 0.4147425 0.3301866671875