19 0.269445625 0.4534966671875 0.15755875 0.45602416718749994 0.14681249999999998 0.4450708328125 0.09181687499999999 0.4568675 0.095609375 0.48383083281249994 0.072695 0.5017008328125 0.12911250000000002 0.8663774999999999 0.249849375 0.8781741671875001 0.304845 0.7888575 0.269445625 0.4534966671875
19 0.2604575 0.3982516671875 0.261040625 0.4119741671875 0.238113125 0.41249166718749997 0.167776875 0.4526358328125 0.270949375 0.45419 0.302620625 0.7360783328125 0.333708125 0.6948983328125 0.352360625 0.6244516671875 0.331959375 0.4197983328125 0.31379250000000003 0.4158641671875 0.30728374999999997 0.3961791671875 0.289408125 0.3904816671875 0.2604575 0.3982516671875
35 0.06504125 0.7444533328125 0.08486 0.79159 0.12061124999999999 0.8058350000000001 0.07339625 0.5010066671875 0.09729499999999999 0.4821 0.09496375 0.4719991671875 0.093263125 0.47091583281249993 0.04774875 0.476675 0.031816250000000004 0.49040166718749995 0.039394374999999995 0.5761291671875 0.06504125 0.7444533328125
41 0.096426875 0.47316916718749996 0.09467375 0.45914666718749997 0.161734375 0.4311033328125 0.20512625 0.43811416718749996 0.22309687500000003 0.41941833281249996 0.20468812500000003 0.2978941671875 0.100371875 0.3060733328125 0.02366875 0.3329491671875 0.02301125 0.3317966671875 0.024106875 0.3528133328125 0.050843125 0.3528133328125 0.06881374999999999 0.47316916718749996 0.096426875 0.47316916718749996
41 0 0.7933375 0.057418125 0.7985958328125 0.07670312500000001 0.7728883328125 0.068375625 0.7465975 0.042515625 0.6034566671875 0.03199625 0.4971233328125 0.042515625 0.47784250000000006 0.071881875 0.4766741671875 0.05391125 0.3528133328125 0 0.35225083281249997 0 0.7933375
17 0.73668 0.7216558328125 0.7616637500000001 0.6936116671875 0.712135 0.5837725 0.706875625 0.5539758328125 0.627980625 0.542875 0.5907250000000001 0.5481333328125 0.41102 0.5253475 0.40225375 0.5598183328124999 0.38866625 0.5849408328125 0.310648125 0.6714825 0.389105 0.6965325 0.585465 0.6994541671875 0.6643600000000001 0.7169816671875 0.73668 0.7216558328125
17 0.753774375 0.8005291671875 0.71608 0.7193183328125 0.53286875 0.6994541671875 0.342425625 0.6882841671875 0.283473125 0.7783275 0.3728875 0.795855 0.699424375 0.8104616671875 0.753774375 0.8005291671875
17 0.6078187500000001 0.5504708328125 0.640691875 0.5440441671875 0.678385625 0.5498866671875 0.65559375 0.46750749999999996 0.64726625 0.4593275 0.606941875 0.47101249999999995 0.418033125 0.46925999999999995 0.41419750000000005 0.46986249999999996 0.3728875 0.5913683328125 0.40356875 0.5639083328125001 0.412335 0.5306058328125001 0.6078187500000001 0.5504708328125
14 0.727585625 0.5611758328125 0.78357875 0.7549575 0.999375 0.7368458328124999 0.9979100000000001 0.516 0.727585625 0.5611758328125
14 0.740186875 0.6100641671875 0.7265993749999999 0.5639083328125001 0.8203962499999999 0.5364483328125 0.9312875 0.5224266671875 0.995718125 0.523595 0.9475049999999999 0.46224916718750003 0.6689625 0.458905 0.69548 0.55456 0.711696875 0.5539758328125 0.7270375 0.612985 0.740186875 0.6100641671875
14 0.999375 0.7286666671875001 0.779634375 0.7520366671875001 0.762101875 0.6912058328125 0.738871875 0.7204866671875 0.784455625 0.83091 0.999375 0.8069558328124999 0.999375 0.7286666671875001