19 0 0.4525 0.013125000000000001 0.5041666671875 0.091875 0.44666666718750003 0.095625 0.43333333281249997 0.068125 0.2991666671875 0.04625 0.2925 0.044375 0.27999999999999997 0.038125 0.2741666671875 0.005 0.28250000000000003 0.003125 0.2875 0 0.3008333328125 0 0.4525
19 0.00125 0.45499999999999996 0 0.5641666671875 0.018125 0.5483333328125 0.01625 0.5258333328125 0.00125 0.45499999999999996
41 0.10874999999999999 0.4233333328125 0.11125 0.425 0.13625 0.41166666718749995 0.14250000000000002 0.4016666671875 0.105625 0.1933333328125 0.1 0.1883333328125 0.08562499999999999 0.1916666671875 0.083125 0.2033333328125 0.076129375 0.22075499999999998 0.08125 0.24 0.10500000000000001 0.3691666671875 0.10874999999999999 0.4233333328125
41 0 0.27749999999999997 0.00625 0.2816666671875 0.019375 0.2741666671875 0.03625 0.2733333328125 0.04625 0.27999999999999997 0.05 0.2925 0.06999999999999999 0.2966666671875 0.0775 0.3233333328125 0.079375 0.3433333328125 0.08499999999999999 0.3625 0.088125 0.3883333328125 0.093125 0.40041666718749996 0.096875 0.42750000000000005 0.104375 0.42833333281249997 0.111764375 0.42487333281249995 0.075688125 0.1939283328125 0.0625 0.1891666671875 0.01625 0.195 0 0.1975 0 0.27749999999999997
17 0.060625 0.5308333328125 0.103125 0.545 0.29562499999999997 0.5858333328125 0.32437499999999997 0.5758333328125 0.32937500000000003 0.5683333328125 0.343125 0.5599999999999999 0.37374999999999997 0.5308333328125 0.39625 0.4933333328125 0.40499999999999997 0.46749999999999997 0.40499999999999997 0.4566666671875 0.39187500000000003 0.44666666718750003 0.371875 0.4408333328125 0.265 0.4308333328125 0.198125 0.41166666718749995 0.16499999999999998 0.4058333328125 0.141875 0.4175 0.11625 0.43666666718749997 0.05500000000000001 0.4733333328125 0.015625 0.5058333328125 0.015 0.5125 0.020624999999999998 0.5208333328125 0.04375 0.5308333328125 0.060625 0.5308333328125
17 0 0.5933333328125 0.01625 0.6041666671875 0.140625 0.6383333328125 0.27875 0.6641666671875 0.30125 0.6616666671875 0.328125 0.6333333328124999 0.330625 0.625 0.325 0.6158333328125 0.334375 0.5783333328125 0.339375 0.5775 0.370130625 0.5447675000000001 0.36940625 0.5365541671875 0.34125 0.5633333328125001 0.31875 0.5808333328125 0.30375 0.5866666671874999 0.28875 0.5875 0.228125 0.5733333328125 0.21000000000000002 0.5650000000000001 0.141875 0.5566666671875 0.06 0.5341666671875 0.041249999999999995 0.5349999999999999 0.02375 0.5475 0 0.5675 0 0.5933333328125
17 0.407714375 0.45818000000000003 0.41532187499999995 0.4364383328125 0.42727624999999997 0.4088991671875 0.43597 0.3857083328125 0.438125 0.3675 0.43 0.3608333328125 0.230625 0.355 0.220625 0.36 0.179375 0.40083333281250005 0.178125 0.40416666718750005 0.26125 0.42750000000000005 0.374375 0.43916666718749997 0.407714375 0.45818000000000003
14 0.48312499999999997 0.44000000000000006 0.5287499999999999 0.43499999999999994 0.63875 0.4325 0.705 0.44000000000000006 0.70875 0.43916666718749997 0.7112499999999999 0.425 0.71875 0.4183333328125 0.725625 0.4 0.6975 0.3875 0.50125 0.3691666671875 0.45 0.3608333328125 0.43937499999999996 0.3725 0.43187499999999995 0.4025 0.41875 0.4158333328125 0.41500000000000004 0.44333333281250004 0.410776875 0.4583991671875 0.460028125 0.4421333328125 0.48312499999999997 0.44000000000000006
14 0.45822 0.6867366671874999 0.47666125 0.6855375 0.501849375 0.6903366671875 0.545928125 0.6951358328125 0.57561375 0.7011341671875 0.596304375 0.7029341671875 0.60485 0.7071333328125 0.63453625 0.7071333328125 0.6547762500000001 0.7119325 0.7154975 0.7143325 0.73214 0.7071333328125 0.74968125 0.7125325 0.7577775 0.7029341671875 0.74428375 0.6741391671875 0.7424850000000001 0.6651408328125 0.73888625 0.6453441671875 0.712349375 0.6447441671874999 0.669169375 0.6453441671875 0.52928625 0.6315466671875 0.5148931250000001 0.6273475000000001 0.47261312499999997 0.6297475 0.425385625 0.6339466671875 0.3795075 0.6297475 0.340825625 0.6207483328125 0.33093 0.6375458328125 0.3215975 0.6748291671875 0.37096125 0.6843375 0.417289375 0.6849375 0.45822 0.6867366671874999
14 0.337676875 0.5808783328125 0.317436875 0.6066741671875 0.321934375 0.6150725 0.33992625 0.6186716671875 0.359266875 0.6258708328125 0.388503125 0.6318691671875001 0.42898375 0.6324691671875 0.477560625 0.62887 0.5270368750000001 0.6264708328124999 0.58685875 0.6402683328125 0.622391875 0.6426675000000001 0.678165625 0.6420675 0.72944125 0.6456675 0.7685725 0.6402683328125 0.77397 0.6204716671875 0.7834156250000001 0.6006750000000001 0.7793675 0.5892775 0.77397 0.5400858328125 0.7685725 0.5040924999999999 0.7645243749999999 0.5010925 0.7847649999999999 0.48069666718750004 0.772170625 0.4638991671875 0.759126875 0.4525016671875 0.7424850000000001 0.44650249999999997 0.645780625 0.431505 0.5751643750000001 0.43510416718749995 0.52838625 0.43510416718749995 0.477560625 0.4405033328125 0.41234187499999997 0.45970000000000005 0.4006475 0.4914941671875 0.38625375 0.5250883328125 0.36556375 0.5532833328125 0.337676875 0.5808783328125
16 0 0.9991666671875 0.0775 0.9991666671875 0.075 0.9574999999999999 0.08875 0.9191666671875 0.08875 0.9041666671874999 0.083125 0.8916666671875 0.0675 0.8841666671875 0.0475 0.8858333328124999 0.030625000000000003 0.8916666671875 0.0043749999999999995 0.9091666671875 0 0.9133333328125 0 0.9991666671875
26 0.205 0.975 0.205 0.9483333328124999 0.21749999999999997 0.9183333328125001 0.21749999999999997 0.9 0.209375 0.8833333328125 0.195 0.8766666671875001 0.16499999999999998 0.8708333328125001 0.139375 0.8758333328125 0.11374999999999999 0.8925000000000001 0.095 0.9133333328125 0.0775 0.9516666671875 0.0775 0.9891666671875001 0.08 0.9991666671875 0.193125 0.9991666671875 0.205 0.975
28 0.338125 0.99 0.33875 0.9708333328125001 0.333125 0.9416666671874999 0.33375 0.9191666671875 0.318125 0.9108333328124999 0.2425 0.8925000000000001 0.220625 0.915 0.206875 0.9458333328125 0.20625 0.9741666671875 0.21812499999999999 0.9991666671875 0.334375 0.9991666671875 0.338125 0.99
49 0.604375 0.9991666671875 0.59875 0.9925 0.54375 0.9724999999999999 0.42062499999999997 0.9391666671875001 0.34125 0.9199999999999999 0.3375 0.9199999999999999 0.335625 0.9275 0.335 0.9358333328124999 0.34249999999999997 0.9708333328125001 0.34375 0.9991666671875 0.604375 0.9991666671875
8 0 0.9058333328125 0.0225 0.8908333328125 0.0375 0.8708333328125001 0.043125000000000004 0.8574999999999999 0.03625 0.835 0.005625 0.8241666671875001 0 0.8241666671875001 0 0.9058333328125