14 0.9512525000000001 0.6735941671875 0.541276875 0.6438016671875 0.536169375 0.706805 0.892453125 0.7453299999999999 0.9896212500000001 0.7393525000000001 0.9512525000000001 0.6735941671875
14 0.9891231250000001 0.6755866671875 0.999375 0.6702733328125 0.999375 0.58791 0.9328150000000001 0.4836275 0.852090625 0.47300000000000003 0.73548875 0.464365 0.646791875 0.46768583281250004 0.5902999999999999 0.4723433328125 0.575535 0.48185500000000003 0.563575625 0.5958808328125 0.53268125 0.63042 0.541650625 0.6437041671875 0.9891231250000001 0.6755866671875
14 0.590995 0.47162499999999996 0.774176875 0.4656016671875 0.862118125 0.4739416671875 0.8541231249999999 0.45494500000000004 0.8614225 0.4336316671875 0.8506475 0.43177833281250005 0.839176875 0.4252916671875 0.775915 0.417415 0.68762625 0.4011983328125 0.61776 0.3942483328125 0.572225 0.3824683328125 0.553455 0.5281516671875 0.572920625 0.5156416671875 0.57535375 0.4762583328125 0.590995 0.47162499999999996
17 0.49132312499999997 0.6101833328125 0.526081875 0.6032333328124999 0.558060625 0.5003733328125 0.5563225 0.4795233328125 0.5452 0.46794 0.48888999999999994 0.4545033328125 0.4610825 0.4605266671875 0.304665625 0.42207 0.28241937500000003 0.44329666718749994 0.169451875 0.53049 0.20594874999999999 0.5504133328124999 0.3967775 0.58748 0.49132312499999997 0.6101833328125
17 0.43536062500000006 0.6838525 0.514959375 0.6866325 0.5521518750000001 0.56663 0.5424187500000001 0.5545833328125 0.5257343750000001 0.60694 0.403381875 0.5897966671875 0.20160375 0.5504716671875001 0.133996875 0.6120366671874999 0.18266 0.6287166671875 0.263996875 0.6495666671875 0.43536062500000006 0.6838525
17 0.55528 0.47303666718750004 0.567793125 0.3975133328125 0.5556275 0.3868566671875 0.50348875 0.39149 0.34281375000000003 0.37262 0.3029275 0.42068000000000005 0.46455812500000004 0.4591366671875 0.487151875 0.4531133328125 0.55528 0.47303666718750004
19 0.01121375 0.3135008328125 0 0.31634833281249997 0.00011875 0.5866374999999999 0.01388375 0.6631958328125 0.100035625 0.6843916671875 0.16933625000000002 0.626815 0.13800812499999998 0.6132116671875 0.17242125 0.5736666671874999 0.139986875 0.33265666718750003 0.06588374999999999 0.32587333281249997 0.035035625 0.3323858328125 0.032099375 0.31318416718750003 0.01121375 0.3135008328125
19 0.203511875 0.5481566671875 0.186186875 0.54088 0.17479499999999998 0.5260116671875 0.23934937500000003 0.47387833281249997 0.21965062500000002 0.310005 0.199715 0.30526 0.19591750000000002 0.2850133328125 0.17621875 0.2824825 0.15557125 0.2922891671875 0.15604562500000002 0.2998816671875 0.14821375 0.2986166671875 0.071793125 0.3236416671875 0.13943250000000001 0.3308916671875 0.17265875 0.5731491671875 0.203511875 0.5481566671875
8 0.019254375 0.9098325 0.033256875000000005 0.9207208328125001 0.059629375 0.9207208328125001 0.093936875 0.9008100000000001 0.11494125 0.8731233328125001 0.11960875 0.8479241671875 0.11004 0.8261475 0.046093125 0.8114733328125 0.015286875 0.8361025 0.006184375000000001 0.8597458328125 0.011785625 0.8802783328125001 0.019254375 0.9098325
8 0.09707125 0.9382975 0.12287062500000001 0.90663 0.128568125 0.8914408328125001 0.119215625 0.8553458328125 0.113518125 0.8748333328125 0.08696625 0.904495 0.057404374999999994 0.9196841671874999 0.033109375 0.9205433328125 0.02378375 0.9118025 0.029669374999999998 0.9378675 0.038054375 0.9490441671875001 0.061489375 0.9529133328125001 0.09707125 0.9382975
29 0.355356875 0.9280266671874999 0.31995125 0.8918158328124999 0.2644 0.89914 0.21678562499999998 0.9471483328125 0.20793374999999997 0.9991666671875 0.346505625 0.9991666671875 0.35077875000000003 0.9870208328125001 0.355356875 0.9280266671874999
28 0.482559375 0.9247716671875 0.42945 0.9052425 0.38397187499999996 0.9219233328125 0.363521875 0.9577266671875 0.361995625 0.9975991671875001 0.48378 0.9991666671875 0.49537875 0.9622025000000001 0.482559375 0.9247716671875
16 0.2048025 0.9286966671875 0.1781375 0.910135 0.13636187500000002 0.9231674999999999 0.095475625 0.9602908328125 0.08925374999999999 0.9990500000000001 0.210431875 0.9991666671875 0.210431875 0.9733233328124999 0.2048025 0.9286966671875
41 0.048891250000000004 0.3297016671875 0.0474675 0.3209691671875 0.06995625 0.31489500000000004 0.1069625 0.31375583281249997 0.146815625 0.29856916718750004 0.137136875 0.2108666671875 0.062270625 0.20972749999999998 0.0010675 0.22071000000000002 0.014446875000000001 0.3118575 0.033519375000000004 0.3129966671875 0.036935 0.3316 0.048891250000000004 0.3297016671875
41 0.156209375 0.3004675 0.156209375 0.2909758328125 0.15991 0.2898366671875 0.167880625 0.28717916718750003 0.17585125 0.2852808328125 0.18439125 0.2833825 0.172150625 0.20555083281250003 0.10724750000000001 0.19909666718750002 0.062270625 0.2093233328125 0.13770625 0.212765 0.14624625 0.2993283328125 0.156209375 0.3004675
41 0.1963475 0.2849016671875 0.200625 0.305 0.20875 0.3083333328125 0.210625 0.30583333281249997 0.209375 0.28250000000000003 0.1975 0.2008333328125 0.12375812500000001 0.19757833281249998 0.10810125 0.19947666718749998 0.17272 0.2047916671875 0.18439125 0.2845216671875 0.1963475 0.2849016671875
42 0.0625 0.2116666671875 0.060846875 0.1896208328125 0.054015 0.1357083328125 0.037504375 0.13646750000000002 0.036365625 0.1201416671875 0.007330000000000001 0.11938249999999999 0.00846875 0.1357083328125 0.021249999999999998 0.1375 0.026250000000000002 0.16999999999999998 0.025 0.195 0.028749999999999998 0.2158333328125 0.0625 0.2116666671875
42 0 0.22000000000000003 0.023125 0.21833333281249998 0.026250000000000002 0.2166666671875 0.025625 0.185 0.021249999999999998 0.15 0.015 0.1358333328125 0.003125 0.13333333281249998 0 0.1341666671875 0 0.22000000000000003
42 0 0.315 0.013750000000000002 0.31416666718749997 0.01074625 0.2959266671875 0 0.2203733328125 0 0.315
29 0.64 0.9916666671875 0.658125 0.9625 0.655 0.9583333328125001 0.6275000000000001 0.9516666671875 0.5625 0.9400000000000001 0.5700000000000001 0.9625 0.58 0.9758333328125 0.62625 0.9925 0.64 0.9916666671875
49 0.52125 0.9625 0.49312500000000004 0.9583333328125001 0.48562500000000003 0.9991666671875 0.63 0.9991666671875 0.619375 0.99 0.52125 0.9625