28 0.39187500000000003 0.48333333281249996 0.40625 0.5133333328125 0.42437500000000006 0.525 0.44312500000000005 0.5266666671875 0.473125 0.5216666671875 0.49812500000000004 0.5091666671875 0.505625 0.49583333281249997 0.509375 0.48333333281249996 0.5125 0.4458333328125 0.5193749999999999 0.43499999999999994 0.5193749999999999 0.4233333328125 0.5131249999999999 0.4125 0.49000000000000005 0.4016666671875 0.47562499999999996 0.3991666671875 0.44875 0.4 0.42374999999999996 0.40416666718750005 0.40374999999999994 0.4108333328125 0.379375 0.43 0.3775 0.43499999999999994 0.37875000000000003 0.4491666671875 0.3875 0.45999999999999996 0.39187500000000003 0.48333333281249996
28 0.39875 0.5891666671875 0.4225 0.6025 0.438125 0.6058333328125001 0.46624999999999994 0.6025 0.48375 0.5925 0.5 0.5633333328125001 0.503125 0.5383333328125001 0.51125 0.5225 0.51 0.5025000000000001 0.505625 0.49916666718749997 0.49625 0.5133333328125 0.4575 0.5275000000000001 0.434375 0.5283333328125 0.416875 0.5225 0.40750000000000003 0.5158333328125 0.393125 0.4925 0.3825 0.49749999999999994 0.37687499999999996 0.5083333328124999 0.37687499999999996 0.5291666671875 0.38375 0.5408333328125 0.390625 0.5733333328125 0.39875 0.5891666671875
28 0.39875 0.6541666671875 0.41187500000000005 0.6733333328125 0.4325 0.6816666671875 0.45999999999999996 0.6808333328125 0.48187499999999994 0.67 0.489375 0.6616666671875 0.49749999999999994 0.6458333328125 0.5025000000000001 0.615 0.51 0.5991666671875 0.509375 0.58 0.505625 0.5733333328125 0.49874999999999997 0.5741666671875 0.501875 0.5683333328125 0.49000000000000005 0.58 0.48375 0.5941666671875 0.460625 0.6058333328125001 0.428125 0.6058333328125001 0.409375 0.5991666671875 0.39625 0.585 0.38875000000000004 0.5700000000000001 0.380625 0.5816666671874999 0.380625 0.605 0.388125 0.6191666671875 0.39187500000000003 0.6383333328125 0.39875 0.6541666671875
49 0.51875 0.5575 0.525 0.5549999999999999 0.52625 0.5516666671875 0.52625 0.5349999999999999 0.529375 0.5191666671874999 0.5237499999999999 0.5183333328125 0.515 0.5216666671875 0.515 0.525 0.505625 0.5349999999999999 0.501875 0.5475 0.501875 0.5608333328125 0.509375 0.5708333328124999 0.5125 0.5700000000000001 0.51875 0.5575
26 0.200625 0.5675 0.220625 0.5933333328125 0.2325 0.5974999999999999 0.23562500000000003 0.6016666671875 0.24625 0.6041666671875 0.2725 0.6041666671875 0.3175 0.5858333328125 0.32625000000000004 0.5791666671875 0.32875 0.5716666671875 0.33875 0.5599999999999999 0.344375 0.5441666671875 0.34562499999999996 0.5091666671875 0.35 0.49749999999999994 0.35 0.4841666671875 0.34375 0.4691666671875 0.3225 0.4583333328125 0.30375 0.45416666718750004 0.27125 0.45416666718750004 0.234375 0.46166666718749994 0.20875 0.47083333281249995 0.190625 0.4841666671875 0.1825 0.5008333328125001 0.181875 0.5133333328125 0.18375 0.5208333328125 0.191875 0.5325 0.200625 0.5675
26 0.210625 0.6458333328125 0.220625 0.6625 0.23875000000000002 0.6775 0.254375 0.6808333328125 0.275625 0.6808333328125 0.29312499999999997 0.6775 0.31062500000000004 0.67 0.32875 0.6575 0.3375 0.6458333328125 0.34500000000000003 0.6291666671875 0.34875 0.6141666671875 0.35 0.5841666671875 0.35375 0.575 0.354375 0.5633333328125001 0.35 0.5483333328125 0.34562499999999996 0.5441666671875 0.34249999999999997 0.5599999999999999 0.3375 0.5625 0.333125 0.5725 0.3175 0.5900000000000001 0.26875 0.6058333328125001 0.23562500000000003 0.605 0.231875 0.5991666671875 0.220625 0.595 0.209375 0.5791666671875 0.203125 0.5758333328125 0.200625 0.5675 0.19375 0.5783333328125 0.19437500000000002 0.6016666671875 0.203125 0.6166666671875001 0.205 0.6308333328125 0.210625 0.6458333328125
49 0.999375 0.5349591671875 0.5352868749999999 0.5166033328124999 0.5289287500000001 0.5477108328125 0.52948125 0.6369408328125 0.999375 0.6614291671875 0.999375 0.5349591671875
49 0.5415068749999999 0.6389375 0.5310018750000001 0.6352508328125 0.52879 0.5898983328125 0.52989625 0.5526575 0.519045 0.5534641671875 0.513861875 0.5895291671875 0.51330875 0.6544233328125 0.540125 0.6592166671874999 0.5415068749999999 0.6389375
49 0.999375 0.6605891671874999 0.54392625 0.6377824999999999 0.540746875 0.7155275 0.54295875 0.7199525 0.9991099999999999 0.7450249999999999 0.999375 0.6605891671874999
29 0.568461875 0.5146133328125 0.5781375 0.5164575 0.589195625 0.5164575 0.60163625 0.5153508328124999 0.6154587499999999 0.5175633328125 0.6303875 0.5194066671875001 0.6464218749999999 0.5190383328125 0.658033125 0.5212508328125 0.663009375 0.5168258328124999 0.66853875 0.5101891671875001 0.6690912499999999 0.49617750000000005 0.6654975000000001 0.4876975 0.66218 0.48032333281249995 0.6572037500000001 0.4932283328125 0.6461456250000001 0.5031833328124999 0.629558125 0.5050266671875 0.60827125 0.50429 0.59361875 0.49949666718749997 0.5853256250000001 0.49212166718750006 0.575373125 0.4806641671875 0.565420625 0.4851166671875 0.564038125 0.4972841671875 0.563485625 0.5090833328125 0.568461875 0.5146133328125
29 0.59306625 0.49949666718749997 0.611035625 0.5057641671875001 0.62707 0.5053958328125 0.644763125 0.5039208328125 0.6563743750000001 0.49617750000000005 0.6613506250000001 0.48696 0.6649443749999999 0.46889250000000005 0.66688 0.45672499999999994 0.672961875 0.4523008328125 0.6760025 0.4364458328125 0.671303125 0.42538416718749994 0.6654975000000001 0.4205908328125 0.655545 0.4132166671875 0.6389575 0.4073166671875 0.6237524999999999 0.4039983328125 0.60025375 0.4058425 0.582008125 0.41211000000000003 0.5723318749999999 0.4161658328125 0.5670793749999999 0.42206583281250004 0.565144375 0.4301775 0.565696875 0.4441883328125 0.5681849999999999 0.45156333281250005 0.570880625 0.47743833281250003 0.574266875 0.48032333281249995 0.583666875 0.49359666718749995 0.59306625 0.49949666718749997
16 0.08825812499999999 0.622555 0.1203275 0.6148125 0.145485 0.6059633328125 0.16760124999999998 0.5893708328125 0.17617125 0.5698283328125 0.16898312499999998 0.5193141671875 0.16290125 0.5071466671875 0.15018437499999998 0.50051 0.128068125 0.4997725 0.10291062499999999 0.5023533328124999 0.08024125 0.5078841671875 0.056189375 0.5182083328125 0.0434725 0.5255825 0.03352 0.5333258328125 0.027991250000000002 0.5447558328125 0.0286825 0.5520816671875 0.033796875 0.5842083328125 0.040431875 0.6159183328125 0.056742499999999994 0.6218174999999999 0.08825812499999999 0.622555
16 0.06890625 0.6797066671875001 0.0918525 0.68155 0.123645 0.677125 0.154055 0.6623766671875 0.16953625 0.6494716671874999 0.179765 0.63841 0.183635625 0.62698 0.17617125 0.5701975 0.17285375 0.579415 0.1612425 0.5971141671875 0.140785 0.6103875000000001 0.11590375 0.6196058328125 0.09986937500000001 0.62698 0.07167124999999999 0.6251366671875 0.050936875000000006 0.6221866671875 0.041468125 0.6170483328125 0.047619375000000005 0.6535275 0.053978125 0.6679075 0.06890625 0.6797066671875001
8 0.0396025 0.4997725 0.037114375 0.4824425 0.03324375 0.45773833281250004 0.027161875000000002 0.44630833281250004 0.011956875 0.44299 0.000345625 0.441515 0 0.47949333281250006 0.000345625 0.53273 0.0083625 0.52927 0.022185625 0.52337 0.034073124999999996 0.5108341671875001 0.0396025 0.4997725
8 0.021909375000000002 0.524845 0.010574375 0.5314825 0.000345625 0.5351691671875 0.000621875 0.5867899999999999 0.013891875000000001 0.5812591671875 0.02854375 0.5731474999999999 0.030755624999999998 0.56651 0.026056249999999996 0.5495491671875 0.0282675 0.5407 0.03462625 0.5303758328125 0.044301875000000004 0.5211583328125 0.042643125 0.5141525 0.0411225 0.4986333328125 0.038773125000000006 0.50346 0.03186125 0.5137833328125 0.021909375000000002 0.524845