53 0.7759375000000001 0.6615066671875 0.7709374999999999 0.8799049999999999 0.7734375 0.9449249999999999 0.999375 0.9715991671875001 0.9896874999999999 0.656505 0.999375 0.5914858328125 0.9984375 0.315 0.7784375 0.309735 0.8109375 0.3997625 0.7896875 0.4997916671875 0.7759375000000001 0.6615066671875
53 0.999375 0.2816666671875 0.8384375000000001 0.24971749999999998 0.8071875000000001 0.2947308328125 0.9934375 0.3264066671875 0.999375 0.2816666671875
46 0.3984375 0.0779991671875 0.4171875 0.5264666671875 0.4046875 0.7431975000000001 0.3621875 0.9099141671875 0.3309375 0.9299200000000001 0.4234375 0.9991666671875 0.7934375 0.9916050000000001 0.7684375 0.8415608328124999 0.7846875 0.31973833281249997 0.7734375 0.0420833328125 0.7384375000000001 0.0779991671875 0.5971875 0.0930041671875 0.3984375 0.0779991671875
46 0.8459375 0.1796966671875 0.8484375 0.11134250000000001 0.7859375 0.1063416671875 0.7846875 0.1796966671875 0.8109375 0.1896991671875 0.8459375 0.1796966671875
46 0.7846875 0.3147366671875 0.8096875000000001 0.3080683328125 0.8578125 0.20458333281250002 0.7996875 0.18303083281250002 0.7834375 0.1963683328125 0.7846875 0.3147366671875
50 0.42718749999999994 0.0796666671875 0.5334375 0.0930041671875 0.5390625 0.0295833328125 0.42718749999999994 0.0796666671875
50 0.323125 0.6315475 0.398125 0.6444391671874999 0.41937499999999994 0.5377408328125 0.378125 0.0983333328125 0.2671875 0.0579933328125 0.3021875 0.33140833281250004 0.3209375 0.5014591671875 0.323125 0.6315475
20 0.150625 0.7365791671874999 0.32437499999999997 0.7432475000000001 0.316875 0.5882016671875 0.323125 0.4998416671875 0.296875 0.3497966671875 0.28125 0.33166666718750004 0.205625 0.3314583328125 0.210625 0.4048133328125 0.18937500000000002 0.5348516671875 0.150625 0.7365791671874999
22 0 0.6315475 0.1484375 0.6816666671875 0.15812500000000002 0.6698925 0.20437500000000003 0.4614966671875 0.206875 0.3314583328125 0.284375 0.31478666718750004 0.290625 0.2414316671875 0.24312499999999998 0.209755 0.138125 0.16140749999999998 0 0.5131791671875 0 0.6315475
57 0.065625 0.0547091671875 0.031875 0.30311666718749997 0.018125 0.45482833281249996 0.1390625 0.1483333328125 0.096875 0.0313683328125 0.033125 0.0230325 0.013125000000000001 0.0213658328125 0.065625 0.0547091671875
57 0 0.49484000000000006 0.024375 0.4581625 0.073125 0.0413716671875 0 0.015 0 0.49484000000000006