41 0.23664812500000001 0.61871 0.227895625 0.4221208328125 0.23796124999999999 0.4063708328125 0.219143125 0.27902583281250004 0.07122437499999999 0.2895258328125 0.001094375 0.3101333328125 0.085228125 0.7680475 0.23883625 0.7575475 0.256341875 0.7237125 0.23664812500000001 0.61871
41 0.241128125 0.41285166718750005 0.277673125 0.4087541671875 0.2786975 0.3818933328125 0.313535 0.375975 0.295433125 0.2466791671875 0.18579874999999998 0.2544183328125 0.125943125 0.2813158328125 0.128419375 0.28355583281249996 0.21722000000000002 0.27809249999999996 0.241128125 0.41285166718750005
35 0.30499624999999997 0.7614225 0.341883125 0.7582358328125001 0.35896 0.74822 0.3241225 0.4172416671875 0.302605625 0.4044941671875 0.25581437500000004 0.4076808328125 0.2288325 0.41793250000000004 0.2377125 0.6357691671875 0.257180625 0.7350175 0.26469437500000004 0.747765 0.30499624999999997 0.7614225
35 0.339406875 0.4022783328125 0.33667437499999997 0.3804258328125 0.35819125 0.3735966671875 0.340773125 0.3699541671875 0.277929375 0.3827016671875 0.277075625 0.41053249999999997 0.301836875 0.40501 0.325061875 0.42230999999999996 0.339406875 0.4022783328125
19 0.39576125 0.37363749999999996 0.36707125 0.3709058328125 0.336333125 0.38137750000000004 0.330526875 0.4191641671875 0.32335437499999997 0.4328225 0.359045625 0.8033049999999999 0.5077868750000001 0.7934116671875 0.5057375000000001 0.72148 0.48422 0.3727275 0.39576125 0.37363749999999996
19 0.5047125 0.6770083328125 0.511885 0.6351241671875 0.5057375000000001 0.353695 0.48797687500000003 0.3518733328125 0.48763562499999996 0.3318416671875 0.46953374999999997 0.3245575 0.43982 0.3300208328125 0.43947812500000005 0.3482316671875 0.39746875 0.3486866671875 0.37868375 0.3684091671875 0.38141625 0.3707791671875 0.48558625 0.3694133328125 0.5047125 0.6770083328125
17 0.938299375 0.6114133328125 0.98850625 0.5686183328125 0.873748125 0.4816625 0.806123125 0.46254166718749995 0.629204375 0.47483333281249995 0.55474875 0.46527250000000003 0.5345975000000001 0.48029666718749997 0.545526875 0.5281 0.52981625 0.6000883328125 0.571825625 0.6186975 0.7982675 0.6182425 0.90107125 0.6200633328125 0.938299375 0.6114133328125
17 0.505225 0.7072641671875 0.5649949999999999 0.7163700000000001 0.7456699999999999 0.7145483328125 0.885701875 0.70863 0.962890625 0.6849566671875 0.901754375 0.6189425 0.79860875 0.6162108328125 0.574558125 0.6193983328125 0.5315237500000001 0.5998216671875001 0.5400625 0.5460108328125 0.509665 0.5547500000000001 0.522985 0.6048291671875 0.517861875 0.6867775 0.505225 0.7072641671875
17 0.54655125 0.5340041671875 0.5311818749999999 0.4798275 0.5533825 0.4684458328125 0.794510625 0.46343750000000006 0.76035625 0.3997008328125 0.521960625 0.4138141671875 0.507615625 0.4304558328125 0.50932375 0.5330933328125 0.5373300000000001 0.5499383328125 0.54655125 0.5340041671875
14 0.88331125 0.48164833281249997 0.999375 0.4434058328125 0.9987524999999999 0.3924166671875 0.78853375 0.3860558328125 0.766504375 0.4133583328125 0.8037318750000001 0.4643483328125 0.8518893750000001 0.4725433328125 0.88331125 0.48164833281249997
14 0.956059375 0.6032041671874999 0.999375 0.6409916671875 0.999375 0.4406741671875 0.87776125 0.4839641671875 0.877846875 0.4880225 0.968696875 0.5772541671875 0.956059375 0.6032041671874999
14 0.9505950000000001 0.5991075 0.9059381249999999 0.62115 0.9932874999999999 0.7047291671875 0.999375 0.7001758328125 0.9987524999999999 0.6359833328125 0.9505950000000001 0.5991075
42 0.135158125 0.2761508328125 0.124609375 0.17772 0.10456625 0.16858 0.10034687499999999 0.1517066671875 0.062370625 0.1566283328125 0.063953125 0.1699866671875 0.023339375000000002 0.1713925 0.041272500000000004 0.29653999999999997 0.092435 0.2902125 0.135158125 0.2761508328125
42 0 0.8351716671875 0.03145 0.8300816671875 0.09135499999999999 0.7342591671875 0 0.1914225 0 0.8351716671875
28 0.8525 0.9708333328125001 0.8300000000000001 0.9558333328125 0.813125 0.9491666671875001 0.756875 0.9541666671875 0.74375 0.9666666671874999 0.735625 0.9833333328125 0.733125 0.9991666671875 0.8699999999999999 0.9991666671875 0.86875 0.9925 0.8525 0.9708333328125001
29 0.8637499999999999 0.9824999999999999 0.8768750000000001 0.9833333328125 0.9043749999999999 0.9783333328125 0.915 0.9591666671875 0.9175000000000001 0.9391666671875001 0.9 0.9375 0.8275 0.9475 0.825 0.9508333328124999 0.8275 0.9533333328125 0.851875 0.97 0.8637499999999999 0.9824999999999999
49 0.869375 0.985 0.871875 0.9991666671875 0.999375 0.9991666671875 0.999375 0.975 0.869375 0.985