24 0.2575 0.06687499999999999 0.25916666718750003 0.021249999999999998 0.1891666671875 0.015625 0.16499999999999998 0.016875 0.13999999999999999 0.021249999999999998 0.1108333328125 0.0325 0.095 0.06375 0.058333332812500006 0.16875 0.06 0.1775 0.2408333328125 0.18125 0.24416666718750002 0.1775 0.2575 0.06687499999999999
57 0.37 0.185 0.3808333328125 0.16312500000000002 0.4033333328125 0.071875 0.3291666671875 0.060625 0.26749999999999996 0.059375 0.25916666718750003 0.068125 0.2575 0.075625 0.24583333281250003 0.1575 0.24500000000000002 0.1775 0.2541666671875 0.181875 0.3133333328125 0.18562499999999998 0.37 0.185
22 0.4669 0.1889 0.45510916718749994 0.16091375000000002 0.4565091671875 0.1580625 0.5097158328125 0.151009375 0.4739116671875 0.12940000000000002 0.4481083328125 0.133301875 0.41023333281249996 0.1264 0.39305083281250003 0.1230975 0.39005083281249997 0.15431062499999998 0.38645 0.16766625 0.3776491671875 0.1709675 0.3684475 0.18582437499999999 0.4669 0.1889
20 0.46570999999999996 0.175319375 0.47091083281249996 0.181021875 0.4721108328125 0.19047624999999999 0.5457208328125 0.1930275 0.5429208328125 0.183573125 0.5263183328125 0.15296 0.5223175 0.151009375 0.5123166671875 0.14980875 0.5051158328125 0.153860625 0.49491416718750003 0.15236 0.45530916718750003 0.158495625 0.46071 0.16721625 0.46471 0.1702175 0.46570999999999996 0.175319375
50 0.5217175000000001 0.15064 0.5231175 0.15048999999999998 0.5285183328125 0.1566425 0.5457208328125 0.192808125 0.6121291671875 0.195659375 0.6203308328125 0.17269937500000002 0.6215308328125 0.161595 0.6239308328125001 0.15724312499999998 0.6193299999999999 0.1071275 0.6219308328125 0.10007437500000001 0.61833 0.08326687499999999 0.5969274999999999 0.089269375 0.581125 0.089269375 0.5683233328124999 0.09332125 0.5607225 0.09287125 0.5361191671875 0.09617250000000001 0.5239183328125 0.08536812499999999 0.5211175 0.07516375 0.5153166671875 0.072609375 0.5149166671875001 0.077568125 0.5189174999999999 0.10697125 0.5217175000000001 0.15064
46 0.61783 0.081135625 0.6242308328124999 0.1093475 0.6338325 0.12599875 0.6314316671875 0.136203125 0.6340325 0.1471575 0.6372325 0.153530625 0.6410333328125 0.157281875 0.6422333328125001 0.168836875 0.6378325 0.175546875 0.61563 0.191003125 0.6126291671875 0.195055 0.7992533328125 0.20480937500000002 0.7994533328125 0.20300812499999998 0.7770508328125 0.193254375 0.7553983328125 0.08001 0.7511975 0.057566874999999997 0.7405958328125 0.054115625 0.7205933328125 0.053665 0.7095916671875 0.053665 0.6843891671875 0.054865624999999994 0.6613858328125 0.057416875 0.6417833328125 0.063611875 0.61998 0.063761875 0.6163299999999999 0.062108125 0.6114291671875 0.066429375 0.61883 0.075583125 0.61783 0.081135625
53 0.775 0.16625 0.7766666671875 0.18937500000000002 0.7808333328125 0.20125 0.8158333328125 0.205 0.845 0.20437500000000003 0.8425 0.1975 0.8433333328125 0.190625 0.8400000000000001 0.18375 0.845 0.14625 0.8441666671875 0.130625 0.8383333328125 0.12875 0.8116666671875 0.1275 0.7766666671875 0.1275 0.7708333328125 0.125 0.7683333328125 0.12687500000000002 0.7675 0.135625 0.7716666671875 0.145625 0.7708333328125 0.15562499999999999 0.775 0.16625
46 0.6232066671875 0.157515625 0.6124441671875 0.19469375 0.6384741671875 0.17535375 0.6412275000000001 0.15883 0.6354708328124999 0.14981687500000002 0.6312158328125 0.13629750000000002 0.6327175 0.12559499999999998 0.62621 0.11338999999999999 0.6250841671875 0.11314375000000002 0.6194525 0.11432875 0.6229566671875 0.125031875 0.6274616671875 0.14437187499999998 0.6232066671875 0.157515625
18 0.0858333328125 0.429375 0.0875 0.43937499999999996 0.1325 0.44437499999999996 0.1708333328125 0.44312500000000005 0.17916666718750002 0.438125 0.1816666671875 0.43187499999999995 0.1766666671875 0.42312500000000003 0.18 0.418125 0.17333333281250002 0.39187500000000003 0.17333333281250002 0.37687499999999996 0.17509416718749998 0.369673125 0.1758333328125 0.36124999999999996 0.175 0.32625000000000004 0.17333333281250002 0.32437499999999997 0.1666841671875 0.31379437499999996 0.16236 0.30982937499999996 0.1556325 0.309288125 0.15923666718750001 0.304601875 0.1541666671875 0.288125 0.1433333328125 0.28375 0.095 0.28500000000000003 0.0916666671875 0.28875 0.0916666671875 0.306875 0.0841666671875 0.31375000000000003 0.0791666671875 0.32437499999999997 0.0775 0.340625 0.08 0.365625 0.0891666671875 0.41 0.0858333328125 0.429375
21 0.1891666671875 0.445 0.22000000000000003 0.448125 0.2783333328125 0.44749999999999995 0.2816666671875 0.44375 0.2835741671875 0.374891875 0.2871783328125 0.346591875 0.28381416718749997 0.32640375 0.26749999999999996 0.315625 0.2625 0.31437499999999996 0.2708333328125 0.31 0.2708333328125 0.2975 0.2625 0.290625 0.24500000000000002 0.2875 0.1941666671875 0.286875 0.19083333281249998 0.29 0.1933333328125 0.31124999999999997 0.18 0.328125 0.17916666718750002 0.34375 0.1916666671875 0.410625 0.1866666671875 0.44312500000000005 0.1891666671875 0.445
1 0.29 0.44749999999999995 0.2975 0.449375 0.3525 0.449375 0.355 0.44749999999999995 0.35750000000000004 0.43499999999999994 0.35583333281249996 0.364375 0.3508333328125 0.349375 0.35583333281249996 0.34187500000000004 0.355 0.3175 0.3491666671875 0.3075 0.3341666671875 0.294375 0.32999999999999996 0.27875 0.3225 0.27625 0.31083333281250003 0.276875 0.3083333328125 0.27875 0.3083333328125 0.29312499999999997 0.3016666671875 0.3 0.29 0.306875 0.2858333328125 0.318125 0.2866666671875 0.36124999999999996 0.2841666671875 0.390625 0.2866666671875 0.44375 0.29 0.44749999999999995
9 0.3591666671875 0.44875 0.3608333328125 0.45062499999999994 0.3791666671875 0.4525 0.4125 0.453125 0.42833333281249997 0.45062499999999994 0.43166666718749996 0.445 0.4308333328125 0.415625 0.4341666671875 0.385 0.43333333281249997 0.36062500000000003 0.42833333281249997 0.336875 0.43166666718749996 0.33375 0.43499999999999994 0.32125 0.4308333328125 0.31 0.41 0.294375 0.41 0.275 0.3991666671875 0.27125 0.3858333328125 0.2725 0.38333333281250004 0.27749999999999997 0.3825 0.29562499999999997 0.3641666671875 0.305625 0.3591666671875 0.31124999999999997 0.3591666671875 0.335 0.3625 0.34562499999999996 0.3583333328125 0.38125 0.3591666671875 0.44875
0 0.4583333328125 0.36 0.4591666671875 0.36312500000000003 0.45416666718750004 0.3725 0.4575 0.375 0.45083333281250004 0.375625 0.4575 0.38 0.45 0.38125 0.4533333328125 0.3825 0.4566666671875 0.380625 0.45499999999999996 0.385625 0.45 0.385 0.4491666671875 0.4325 0.4566666671875 0.434375 0.45499999999999996 0.436875 0.4491666671875 0.43562500000000004 0.45416666718750004 0.436875 0.45 0.438125 0.45083333281250004 0.441875 0.45999999999999996 0.43937499999999996 0.46166666718749994 0.45 0.47000000000000003 0.4525 0.5008333328125001 0.4525 0.5041666671875 0.449375 0.5058333328125 0.43062500000000004 0.5075000000000001 0.383125 0.505 0.359375 0.5075000000000001 0.34625 0.5016666671875 0.330625 0.49083333281249997 0.318125 0.4925 0.311875 0.49000000000000005 0.30625 0.4733333328125 0.305625 0.4625 0.31062500000000004 0.465 0.31625000000000003 0.4625 0.318125 0.46749999999999997 0.3175 0.4691666671875 0.321875 0.4625 0.32625000000000004 0.45583333281250005 0.346875 0.45083333281250004 0.34500000000000003 0.45416666718750004 0.34750000000000003 0.45083333281250004 0.34875 0.45083333281250004 0.35625 0.4583333328125 0.36
0 0.4933333328125 0.4525 0.5041666671875 0.45062499999999994 0.5091666671875 0.38875000000000004 0.5058333328125 0.36875 0.5091666671875 0.340625 0.5016666671875 0.328125 0.49583333281249997 0.323125 0.495 0.30874999999999997 0.4925 0.305625 0.475 0.304375 0.46666666718750005 0.30625 0.45999999999999996 0.313125 0.45999999999999996 0.32687499999999997 0.4425 0.340625 0.44333333281250004 0.37374999999999997 0.43916666718749997 0.405625 0.43833333281250003 0.44375 0.4408333328125 0.44749999999999995 0.45416666718750004 0.45187499999999997 0.4933333328125 0.4525
10 0.5075000000000001 0.45062499999999994 0.52 0.45499999999999996 0.5658333328125 0.45499999999999996 0.5716666671875 0.45125000000000004 0.5716666671875 0.43875000000000003 0.575 0.43187499999999995 0.5733333328125 0.425625 0.5766666671875 0.40125 0.5783333328125 0.34500000000000003 0.5816666671874999 0.325625 0.575 0.303125 0.5633333328125001 0.286875 0.5650000000000001 0.27125 0.5608333328125 0.26937500000000003 0.5466666671875 0.268125 0.5383333328125001 0.27125 0.5349999999999999 0.27875 0.5375 0.28500000000000003 0.515 0.311875 0.51 0.32875 0.5108333328125 0.343125 0.5083333328124999 0.3525 0.5083333328124999 0.37312500000000004 0.5116666671875 0.3875 0.5091666671875 0.395 0.5075000000000001 0.45062499999999994
10 0.5108333328125 0.30874999999999997 0.5166666671875 0.3025 0.5191666671874999 0.286875 0.5175 0.28250000000000003 0.4966666671875 0.281875 0.4933333328125 0.284375 0.495 0.318125 0.5025000000000001 0.32687499999999997 0.5091666671875 0.318125 0.5108333328125 0.30874999999999997
10 0.5084508328124999 0.31419687500000004 0.5016058328125 0.32837875 0.5104058328125001 0.34231625 0.5146433328125 0.3212875 0.53094 0.2895 0.5387625 0.286810625 0.5358283328125 0.278251875 0.5353399999999999 0.27598124999999996 0.5253991671875 0.277029375 0.5253991671875 0.287299375 0.5175766671875001 0.301970625 0.5084508328124999 0.31419687500000004
30 0.5916666671875 0.456875 0.6083333328125 0.459375 0.6691666671875 0.460625 0.6950000000000001 0.45875000000000005 0.6983333328125 0.45499999999999996 0.7016666671875 0.43624999999999997 0.705 0.39249999999999996 0.71 0.381875 0.7208333328125 0.33375 0.72 0.32875 0.7108333328125 0.325625 0.6258333328125001 0.325625 0.5916666671875 0.32375 0.585 0.32999999999999996 0.5841666671875 0.3375 0.5858333328125 0.350625 0.5833333328125 0.43562500000000004 0.5866666671874999 0.45375 0.5916666671875 0.456875
31 0.7675 0.40625 0.8333333328125001 0.40437500000000004 0.8858333328124999 0.3975 0.9033333328125 0.39249999999999996 0.9275 0.381875 0.9341666671875 0.37687499999999996 0.9349999999999999 0.37124999999999997 0.93 0.368125 0.9141666671875001 0.365 0.8800000000000001 0.36312500000000003 0.7516666671875 0.370625 0.72 0.37625000000000003 0.7083333328125 0.38875000000000004 0.7075 0.410625 0.7150000000000001 0.41312499999999996 0.73 0.41312499999999996 0.7675 0.40625
31 0.7983333328125 0.43562500000000004 0.8883333328124999 0.428125 0.9275 0.41937499999999994 0.9366666671875 0.414375 0.9375 0.40750000000000003 0.9191666671875 0.4 0.9 0.396875 0.8583333328125 0.40437500000000004 0.7708333328125 0.40812499999999996 0.71 0.416875 0.705 0.42062499999999997 0.705 0.43624999999999997 0.7508333328125001 0.440625 0.7683333328125 0.44000000000000006 0.7983333328125 0.43562500000000004
31 0.8166666671874999 0.460625 0.8266666671875 0.4625 0.8408333328125 0.45999999999999996 0.8491666671875 0.4625 0.8816666671875 0.46125 0.9099999999999999 0.45562500000000006 0.9275 0.448125 0.9275 0.4425 0.9216666671875 0.438125 0.9075 0.4325 0.8933333328125 0.43 0.8666666671875 0.43062500000000004 0.8258333328124999 0.43624999999999997 0.7841666671875 0.4375 0.7716666671875 0.440625 0.7424999999999999 0.44125 0.7183333328125 0.4375 0.705 0.4375 0.7025 0.4425 0.7008333328125 0.45499999999999996 0.7066666671874999 0.45875000000000005 0.8016666671875001 0.4625 0.8166666671874999 0.460625
35 0.35583333281249996 0.635 0.35750000000000004 0.571875 0.36583333281249997 0.5599999999999999 0.3641666671875 0.555625 0.3258333328125 0.5543750000000001 0.32166666718750003 0.556875 0.3175 0.590625 0.3116666671875 0.6118750000000001 0.3116666671875 0.63875 0.32166666718750003 0.64375 0.3516666671875 0.64375 0.35583333281249996 0.635
42 0.205 0.6575 0.20916666718750002 0.635625 0.20916666718750002 0.5387500000000001 0.2087233328125 0.517310625 0.2077075 0.50029625 0.2008333328125 0.49749999999999994 0.1417016671875 0.49902625 0.1408558328125 0.491280625 0.11580666718749999 0.49093125000000004 0.1146225 0.499184375 0.10333333281249998 0.500625 0.1066666671875 0.6675 0.10916666718750001 0.67 0.1891666671875 0.67125 0.205 0.6575
42 0.19399916718750002 0.48302750000000005 0.183675 0.48302750000000005 0.1755508328125 0.484424375 0.1755508328125 0.490391875 0.141025 0.491408125 0.1445791671875 0.496233125 0.2007683328125 0.49724874999999996 0.2078766671875 0.50080375 0.2075383328125 0.49174562499999996 0.19823 0.49064625 0.19823 0.48505937499999996 0.19399916718750002 0.48302750000000005
42 0.2328608328125 0.522244375 0.2333325 0.485795 0.1984275 0.48437937499999995 0.18207500000000001 0.48249250000000005 0.17641500000000002 0.48414375 0.1779866671875 0.47801 0.171855 0.47777375 0.15849 0.476948125 0.15503083281250002 0.47895374999999996 0.1545591671875 0.48426187499999995 0.146855 0.48603125 0.14669749999999998 0.490159375 0.1745275 0.49027750000000003 0.1751566671875 0.4850875 0.196855 0.48485125 0.1984275 0.48992375 0.2077041671875 0.49181125000000003 0.20738916718749997 0.5275525 0.2075466671875 0.5609068749999999 0.21179166718750003 0.5614068750000001 0.21163500000000002 0.53227125 0.22264083281249997 0.5271987499999999 0.2328608328125 0.522244375
14 0.1512575 0.48491437499999995 0.15597416718749998 0.48385249999999996 0.15597416718749998 0.476893125 0.1776725 0.47878 0.1783016671875 0.48314500000000005 0.21603750000000002 0.48361687499999995 0.2182383328125 0.47878 0.20849 0.47771875 0.21006249999999999 0.475005625 0.1902508328125 0.47524125 0.18977916718750001 0.47724687499999996 0.14669749999999998 0.47665687500000004 0.1367925 0.47972374999999995 0.137185 0.48897312499999995 0.14591166718749998 0.489396875 0.14622583281249998 0.48585812500000003 0.1512575 0.48491437499999995
41 0.29858416718749997 0.5275675 0.2254708328125 0.526505625 0.21132 0.5329937499999999 0.21029833281250002 0.65922625 0.2924525 0.66043125 0.3009425 0.649933125 0.30282916718749997 0.52862875 0.29858416718749997 0.5275675
41 0.3023575 0.62855375 0.3100625 0.6289075000000001 0.3138358328125 0.601145625 0.3221691671875 0.55603125 0.3199675 0.51356625 0.24984250000000002 0.5122687499999999 0.24371 0.51719125 0.24430000000000002 0.525381875 0.29827 0.527301875 0.30314416718750004 0.528508125 0.3023575 0.62855375
19 0.43335666718750004 0.643178125 0.4335541671875 0.56318625 0.3922866671875 0.56140875 0.3918916671875 0.558594375 0.3869558328125 0.557113125 0.3674083328125 0.558594375 0.3662233328125 0.5618531250000001 0.3658283328125 0.566149375 0.3612866671875 0.564964375 0.35852249999999997 0.57311125 0.3549191671875 0.6693981250000001 0.4198808328125 0.672904375 0.43311 0.6548325 0.4272358328125 0.649251875 0.43335666718750004 0.643178125
19 0.3919908328125 0.561671875 0.4145 0.561968125 0.4336533328125 0.564041875 0.43385083281250003 0.639145625 0.4368125 0.6252206250000001 0.43720749999999997 0.5810887499999999 0.4376025 0.552646875 0.4295066671875 0.55131375 0.4299016671875 0.547018125 0.416475 0.5445 0.4091691671875 0.546425625 0.4073916671875 0.5507212499999999 0.3795516671875 0.550276875 0.3721966671875 0.557405625 0.38666 0.5564875 0.3917933328125 0.558116875 0.3919908328125 0.561671875
17 0.4729441671875 0.6584106249999999 0.5086775 0.66215125 0.6056966671875 0.66371 0.6324966671875 0.663554375 0.6457933328125 0.6596575 0.6464158328125 0.65529375 0.6422608328125 0.656540625 0.6304191671875 0.640019375 0.6208625 0.641578125 0.57682 0.6378375000000001 0.5716258328125 0.636123125 0.5662241671875 0.63737 0.4592325 0.630200625 0.44469000000000003 0.62490125 0.4394966671875 0.620069375 0.4386658328125 0.62583625 0.43741916718749996 0.63892875 0.4282258328125 0.649195 0.42807000000000006 0.65435875 0.4509225 0.6587225 0.4729441671875 0.6584106249999999
17 0.5679383328125 0.637265 0.5737558328125 0.635083125 0.5772875 0.639603125 0.6242391671874999 0.6414737500000001 0.6369116671875 0.638200625 0.6497925 0.63336875 0.65187 0.6286931250000001 0.6468833328125 0.6268225000000001 0.6468833328125 0.626199375 0.63151 0.61186 0.6259008328125 0.6014174999999999 0.5966083328125 0.596585625 0.5837275 0.5979887500000001 0.5457091671875001 0.5951831249999999 0.5128841671875 0.5937806250000001 0.4827608328125 0.5905075 0.4775666671875 0.590195625 0.4648941671875 0.59004 0.45554500000000003 0.5951831249999999 0.4561683328125 0.60095 0.4453658328125 0.615756875 0.44432666718749997 0.62290125 0.46053166718750005 0.6300956249999999 0.48109833281250003 0.63196625 0.5679383328125 0.637265
17 0.45450666718750005 0.6034437500000001 0.45513000000000003 0.59440375 0.4651016671875 0.5905075 0.48816249999999994 0.591130625 0.5187016671875 0.59440375 0.5536033328125 0.595495 0.5868433328125 0.5978325 0.5972308328125 0.596585625 0.60845 0.5995475 0.6061641671875 0.5914425 0.6011783328125 0.583805625 0.6038791671875 0.577726875 0.5955691671875 0.5750775 0.5855975 0.5747656250000001 0.5756249999999999 0.57648 0.4578308328125 0.57196 0.4505591671875 0.572895 0.44204166718750004 0.578661875 0.4447425 0.5814675 0.4424566671875 0.59533875 0.4422491671875 0.609851875 0.4428725 0.613263125 0.44598833281249994 0.6141981249999999 0.45450666718750005 0.6034437500000001
14 0.6465716671874999 0.650118125 0.6559208328125 0.66118375 0.6600758328125 0.6643012500000001 0.7084816671875 0.666639375 0.7153375 0.663989375 0.72344 0.66523625 0.7672749999999999 0.666015625 0.7708066671875 0.6653925 0.8112141671875 0.667418125 0.8261725 0.66523625 0.8444541671874999 0.662119375 0.85318 0.65837875 0.8452858328125 0.654014375 0.8342750000000001 0.6443512499999999 0.76847 0.644974375 0.67519 0.6491825 0.6591925 0.6471568750000001 0.6591925 0.64029875 0.6521291671875 0.63172625 0.6388333328125 0.63770375 0.6388849999999999 0.639519375 0.6494808328125 0.6452862500000001 0.6465716671874999 0.650118125
14 0.8591525000000001 0.64170125 0.8639308328125 0.635935 0.8680858328125 0.6399868750000001 0.8633075 0.628765 0.8437791671875001 0.617699375 0.8254975 0.605698125 0.81968 0.6010225 0.8126166671874999 0.59884 0.7995283328125 0.597905 0.7779225000000001 0.5963462500000001 0.7450975 0.595723125 0.709365 0.59681375 0.6757091671875 0.599151875 0.6665683328124999 0.60039875 0.64517 0.60445125 0.632705 0.6050743749999999 0.64143 0.607724375 0.6443383328125 0.617075625 0.6476625 0.626115625 0.6505708328125 0.627518125 0.6549341671875 0.62892125 0.6559725000000001 0.63422 0.6619975 0.640454375 0.65857 0.6431568750000001 0.6619975 0.64622125 0.6800716671875 0.6487149999999999 0.8333916671875 0.6441950000000001 0.8591525000000001 0.64170125
14 0.6170875 0.599798125 0.6259283328125 0.6019300000000001 0.6286125 0.61057625 0.643295 0.6227756249999999 0.6472416671875 0.626446875 0.6442416671875 0.617326875 0.6406108328125 0.608206875 0.6328750000000001 0.60524625 0.6489783328125001 0.603588125 0.6731325 0.5988506250000001 0.7246 0.5962449999999999 0.7729091671874999 0.59612625 0.7676991671875 0.58984875 0.75949 0.58416375 0.73944 0.58286125 0.7244416671875 0.583571875 0.7047075 0.5809656249999999 0.690815 0.579663125 0.6652391671875 0.5781231250000001 0.6481891671875 0.57847875 0.6409266671875 0.57693875 0.6120358328125 0.572911875 0.6052475 0.5776981250000001 0.6066683328125 0.579544375 0.6074575 0.584519375 0.6170875 0.599798125
8 0.3161825 0.777285625 0.3425641671875 0.774601875 0.3544133328125 0.76873125 0.3562016671875 0.749275 0.3544133328125 0.73921125 0.3412225 0.7325025000000001 0.31663 0.731160625 0.2927083328125 0.73736625 0.28561000000000003 0.7455756250000001 0.2851066671875 0.7660475 0.2944966671875 0.77326 0.3161825 0.777285625
8 0.340775 0.792213125 0.3524008328125 0.783826875 0.3550841671875 0.769905625 0.34144583281249996 0.7759437499999999 0.31797166718750003 0.77795625 0.2953908328125 0.7742662499999999 0.2847716671875 0.767373125 0.2851066671875 0.7844975 0.2944966671875 0.79087125 0.318195 0.79439375 0.340775 0.792213125
8 0.3115408328125 0.811515625 0.3256441671875 0.8110474999999999 0.3386566671875 0.8077743749999999 0.3399816671875 0.802279375 0.34169583281250004 0.798479375 0.3501108328125 0.7935106249999999 0.3526041671875 0.7873725 0.35237083281250003 0.784040625 0.3462925 0.789068125 0.3410725 0.79216625 0.3300858328125 0.794211875 0.3178525 0.7943875 0.30624250000000003 0.7936275 0.29463249999999996 0.791055625 0.28567166718750003 0.7851487500000001 0.2847366671875 0.80315625 0.2903466671875 0.80654625 0.3012558328125 0.8111062499999999 0.3115408328125 0.811515625
8 0.309515 0.8296175 0.3230725 0.8299687499999999 0.3316441671875 0.8278643750000001 0.3385791671875 0.824824375 0.3385791671875 0.8080468749999999 0.33328 0.81021 0.3266575 0.8113206249999999 0.3142683328125 0.81149625 0.3014116671875 0.811905625 0.29338583281249997 0.80828125 0.284795 0.8039225 0.2848141671875 0.817225 0.2887108328125 0.821316875 0.2976708328125 0.8268700000000001 0.309515 0.8296175
16 0.3802441671875 0.8392893750000001 0.3953775 0.83692125 0.40689083281249994 0.8305825 0.41181166718749995 0.826055 0.41181166718749995 0.80815375 0.41181166718749995 0.8021525 0.40521916718749995 0.79476875 0.39017833281250003 0.789475 0.3699383328125 0.789475 0.3551758328125 0.79364625 0.3412491671875 0.79921875 0.34143500000000004 0.7999850000000001 0.33883583281249996 0.8085324999999999 0.3387658328125 0.8266518749999999 0.34617 0.8344137500000001 0.3585183328125 0.8391500000000001 0.3802441671875 0.8392893750000001
16 0.38488666718750003 0.857288125 0.3969558328125 0.853456875 0.40754083281250003 0.8466306250000001 0.4117183328125 0.8430787499999999 0.41144 0.8274062499999999 0.4065191671875 0.83242125 0.40029833281249994 0.8361824999999999 0.3893433328125 0.8387600000000001 0.3768091671875 0.8402925 0.3605608328125 0.83994375 0.3476558328125 0.836043125 0.3425491671875 0.8312375 0.3384175 0.82769625 0.3380925 0.844680625 0.34867750000000003 0.852969375 0.3688241671875 0.85756625 0.38488666718750003 0.857288125
26 0.4348183328125 0.8370475 0.43697749999999996 0.846073125 0.4443816671875 0.85660375 0.4567208328125 0.86227375 0.47955 0.864125625 0.4942025 0.8610012499999999 0.5045375 0.8564881249999999 0.5113241671875 0.850470625 0.5157975 0.8420231250000001 0.5159516671875 0.8365843749999999 0.5188824999999999 0.8329968750000001 0.5201158328125 0.8216568750000001 0.5136375 0.81309375 0.5051541671875001 0.8085806249999999 0.4889583328125 0.804183125 0.47199166718749996 0.803141875 0.4574925 0.8039518749999999 0.44499833281249995 0.8085806249999999 0.43327583281250004 0.816101875 0.43188750000000004 0.8254356250000001 0.4312708328125 0.8286 0.43358416718750004 0.8311456250000001 0.4348183328125 0.8370475
28 0.5566666671875 0.849375 0.5700000000000001 0.850625 0.5858333328125 0.849375 0.5991666671875 0.8393750000000001 0.6075 0.8256249999999999 0.6075 0.8162499999999999 0.6033333328125 0.8125 0.5991666671875 0.819375 0.5958333328125 0.819375 0.5941666671875 0.8243750000000001 0.5891666671875 0.828125 0.5711666671875 0.828125 0.5566666671875 0.8243750000000001 0.5466666671875 0.81875 0.5430408328125 0.8138775 0.5395758328125 0.8067550000000001 0.5375 0.809375 0.5361108328124999 0.809614375 0.5341666671875 0.81375 0.5333333328125 0.81875 0.54 0.83375 0.545 0.8412499999999999 0.5566666671875 0.849375
28 0.5583333328125 0.8262499999999999 0.5758333328125 0.829375 0.5908333328125 0.8275 0.595 0.8256249999999999 0.5941666671875 0.8237500000000001 0.5991666671875 0.8175000000000001 0.6016666671875 0.8168749999999999 0.610905 0.8008106250000001 0.6101466671875 0.793408125 0.5908333328125 0.80375 0.5683333328125 0.80375 0.5583333328125 0.79875 0.545 0.78125 0.5408333328125 0.7825 0.5366666671875 0.786875 0.5358333328125 0.79625 0.54 0.809375 0.5491666671875 0.821875 0.5583333328125 0.8262499999999999
28 0.5591858328125 0.799189375 0.5684016671875 0.80382625 0.5825 0.80375 0.5907383328125 0.8035006250000001 0.6075 0.79625 0.6166666671875001 0.775 0.6166666671875001 0.766875 0.6083333328125 0.76 0.5866666671874999 0.755 0.5683333328125 0.755 0.5508333328125 0.759375 0.5441666671875 0.7631249999999999 0.5425 0.76625 0.5416666671875 0.7731250000000001 0.5483333328125 0.7887500000000001 0.5516666671875 0.79375 0.5591858328125 0.799189375
29 0.6745883328125 0.7762374999999999 0.6788233328125 0.77156 0.6802349999999999 0.764499375 0.6799999999999999 0.76247 0.6849408328125 0.76149875 0.6861166671875 0.759645625 0.6865875 0.752588125 0.6850583328125001 0.7490574999999999 0.6755291671875 0.743145 0.6676475 0.73979125 0.656355 0.7382025 0.6432966671875 0.7378493749999999 0.6318858328125 0.73882 0.6220049999999999 0.742615 0.6189458328125 0.747645625 0.6192991671875 0.754 0.6237691671875 0.75956 0.6237691671875 0.76441375 0.6237691671875 0.76914625 0.6334158328124999 0.776590625 0.6467083328125 0.779414375 0.6656483328125 0.778885 0.6745883328125 0.7762374999999999
29 0.6227108328125001 0.779416875 0.6221224999999999 0.784624375 0.622475 0.785948125 0.6420033328125 0.7864774999999999 0.656355 0.786124375 0.6785883328125 0.787095 0.6788233328125 0.784359375 0.6843524999999999 0.78021125 0.6842349999999999 0.771209375 0.6796466671875 0.7677674999999999 0.6775291671875 0.772974375 0.6744708328125 0.776505 0.6688241671874999 0.77871125 0.6589425 0.779240625 0.650355 0.779240625 0.6371800000000001 0.77827 0.630945 0.77491625 0.6256516671875 0.77068 0.6232983328125 0.76706125 0.6227400000000001 0.765396875 0.6196516671875 0.769179375 0.6194166671875 0.775180625 0.6216516671875 0.77729875 0.6227108328125001 0.779416875
49 0.9012041671875 0.835075625 0.8976225 0.8335825 0.8974233328125001 0.836269375 0.6349616671875 0.836783125 0.6271583328125 0.8364637500000001 0.6262358328125 0.8497281250000001 0.6335841671875 0.862393125 0.897225 0.8620943750000001 0.9012041671875 0.835075625
49 0.9000275 0.8109 0.8838900000000001 0.796829375 0.6248075 0.7953481250000001 0.6237166671875001 0.821698125 0.6285149999999999 0.8364231249999999 0.8968291671875 0.835550625 0.9000275 0.8109
49 0.6241166671875 0.79573875 0.6251341671875 0.79486625 0.8055616671875001 0.7970475 0.8003275000000001 0.790285 0.6132125 0.785485625 0.6101591671875 0.792575625 0.6114675 0.793775 0.6114675 0.79835625 0.6107408328124999 0.8033737500000001 0.60856 0.806100625 0.6089958328125 0.816065625 0.6100141671875 0.816680625 0.6235350000000001 0.8175531250000001 0.6241166671875 0.79573875
49 0.6285149999999999 0.8363093750000001 0.6234258328125 0.82169375 0.6234258328125 0.8175487499999999 0.6089958328125 0.81702 0.6084508328125 0.8411087500000001 0.6267699999999999 0.84318125 0.6285149999999999 0.8363093750000001