42 0.68175 0.92272 0.6917500000000001 0.14692750000000002 0.5547500000000001 0.15226 0.54975 0.1016066671875 0.47874999999999995 0.096275 0.47775 0.1482608328125 0.4 0.17366666718749998 0.43375 0.9267183328125 0.49175 0.9991666671875 0.57775 0.9991666671875 0.68175 0.92272
42 0.43075 0.9200533328124999 0.39975 0.1722541671875 0.46975 0.14692750000000002 0.36775 0.1602575 0.29375 0.1903333328125 0.32075 0.840075 0.38575 0.9373825 0.43075 0.9200533328124999
42 0.29575 0.18558416718749998 0.33575 0.1669225 0.28275 0.1655891671875 0.28275 0.1962483328125 0.25125000000000003 0.20866666718750002 0.27475 0.7294383328125 0.32075 0.79742 0.29575 0.18558416718749998
42 0.25275 0.20691166718749998 0.28475 0.1989141671875 0.24775 0.1935816671875 0.23475000000000001 0.20957750000000003 0.14625 0.2136666671875 0.19475 0.7067775000000001 0.21775000000000003 0.7467666671875001 0.28375 0.7161083328125 0.25275 0.20691166718749998
41 0.7615000000000001 0.3242133328125 0.6875 0.3086666671875 0.6815 0.8227466671875 0.7525000000000001 0.7840900000000001 0.7615000000000001 0.3242133328125
35 0.822133125 0.7554649999999999 0.83836625 0.6758908328125 0.83836625 0.5683966671875 0.834700625 0.43647166718749997 0.8090418749999999 0.4273975 0.7625675000000001 0.4278233328125 0.74620375 0.77296 0.77814625 0.7743558328125 0.822133125 0.7554649999999999
19 0.82579875 0.742945 0.88968375 0.7771475 0.961424375 0.735965 0.978705 0.4065016671875 0.9252925 0.4065016671875 0.9263393750000001 0.384165 0.8703087500000001 0.3820716671875 0.8687381249999999 0.3974275 0.82318 0.4134816671875 0.818205625 0.4275091671875 0.8326062500000001 0.43581833281250004 0.83836625 0.6542975 0.82579875 0.742945
19 0.8239487499999999 0.4113575 0.8667199999999999 0.395905 0.8171531249999999 0.3844491671875 0.8169531250000001 0.3644683328125 0.789171875 0.3596725 0.7777793749999999 0.36153749999999996 0.778179375 0.3812525 0.7594918749999999 0.38580833281250004 0.761190625 0.4289408328125 0.8099575 0.4313383328125 0.8239487499999999 0.4113575
17 0.985625 0.46333333281250005 0.983125 0.4425 0.9793749999999999 0.45083333281250004 0.974375 0.5091666671875 0.974375 0.5599999999999999 0.999375 0.5525 0.999375 0.4691666671875 0.985625 0.46333333281250005
17 0.999375 0.5558333328125 0.974375 0.5616666671874999 0.971875 0.5741666671875 0.96875 0.6116666671875 0.9706250000000001 0.6466666671875 0.999375 0.6325000000000001 0.999375 0.5558333328125
26 0.9512499999999999 0.9558333328125 0.915625 0.9883333328124999 0.9075 0.9991666671875 0.97875 0.9991666671875 0.974375 0.9866666671875001 0.9512499999999999 0.9558333328125