25 0.325 0.6078125 0.3359375 0.2421875
25 0.31328125 0.75390625 0.3265625 0.11640625
25 0.30625 0.82734375 0.30703125 0.05390625
25 0.27890625 0.88515625 0.340625 0.10390625
39 0.63984375 0.7234375 0.2921875 0.4328125
39 0.61484375 0.49609375 0.25 0.05234375
40 0.86875 0.67265625 0.2203125 0.428125
44 0.48828125 0.0890625 0.26875 0.178125
45 0.72890625 0.12265625 0.21015625 0.2453125
54 0.915625 0.13125 0.1640625 0.259375
52 0.26796875 0.06953125 0.15703125 0.1390625
12 0.11328125 0.075 0.12578125 0.13515625