24 0.42265625 0.19921875 0.20546875 0.39375
57 0.5828125 0.1984375 0.24765625 0.38984375
20 0.709375 0.29453125 0.0890625 0.2078125
22 0.80275 0.3704666671875 0.7707499999999999 0.27444166718749996 0.7737499999999999 0.185085 0.78175 0.1250691671875 0.75475 0.109065 0.66875 0.10200000000000001 0.67775 0.1970875 0.75275 0.185085 0.75875 0.37313416718750003 0.80275 0.3704666671875
50 0.79375 0.3091175 0.8077500000000001 0.3557958328125 0.88175 0.3344566671875 0.88575 0.2944466671875 0.86975 0.24643416718750003 0.8947499999999999 0.20375666718750002 0.89275 0.07705666718750001 0.8818879875000001 0.009892396874999999 0.8717499999999999 0.01304 0.8167500000000001 0.0437141671875 0.7837500000000001 0.021041667187499998 0.79375 0.1357383328125 0.78275 0.185085 0.80475 0.2531025 0.79375 0.3091175
46 0.93515625 0.20625 0.12890625 0.40859375
18 0.390625 0.653125 0.08125 0.2421875
21 0.47578125 0.6953125 0.09375 0.24609375
1 0.559375 0.67734375 0.059375 0.3234375
9 0.6421875 0.69140625 0.08515625 0.2921875
0 0.7296875 0.72578125 0.08828125 0.25078125
10 0.8125 0.721875 0.09765625 0.365625
30 0.93515625 0.78125 0.1296875 0.35859375
41 0.41484375 0.9203125 0.1046875 0.159375